[[-1.07442621e-02 -1.85281598e-02  6.73350019e-05 ... -9.27234364e-03
   8.80558146e-04 -1.60798063e-02]
 [-1.23264868e-02 -9.19547704e-03  5.73084081e-04 ...  7.11844725e-03
  -5.14749053e-03  1.35493991e-02]
 [ 3.73397245e-03 -4.46855407e-05  2.24853171e-02 ...  5.16696199e-03
  -3.91563413e-03  9.58401090e-03]
 ...
 [-5.76974674e-03  1.02237783e-02 -5.07427901e-03 ...  8.04482709e-04
  -1.22987150e-02 -4.22622710e-03]
 [-3.06523008e-03 -1.15930303e-02 -4.21923681e-03 ...  1.08106224e-02
  -5.29344443e-03 -3.21148227e-03]
 [-6.32889342e-03  1.64273814e-02 -2.07399318e-02 ... -2.32206356e-03
   4.25351222e-03 -6.78299667e-03]]