166560.3277490139→26時間
[2.291171886286908, 2.2892073792066614, 2.3035481827148647, 2.2786579509116, 2.29294842560934, 
2.297284164183227, 2.282851250422999, 2.29836810720449, 2.3024568988774456, 2.287777322959358,
2.2981628124066447, 2.293249199444158, 2.2938543626863774, 2.2891621206456323, 2.288557313441245, 
2.2792364151358955, 2.304281045872851, 2.299986887834226, 2.2771890374899795, 2.302982020385653,
2.26212420880562, 2.3070498794652488, 2.3039716195163233, 2.287997116363598, 2.2942443171859366,
2.279752843606379, 2.2749981633550123, 2.269096783127049, 2.303477753680263, 2.315636898296674,
2.2946921625886203, 2.294068285066051, 2.2902322769336094, 2.278427245024061, 2.277194546026641,
2.297242658790841, 2.2942358336180173, 2.2972388675356674, 2.2850779343587804, 2.296383768449529,
2.2879102909785174, 2.2912579952772876, 2.2955578729225805, 2.280730273977982, 2.2826548139362144,
2.2845853405770935, 2.2903266012053978, 2.263582591326256, 2.293897510671385, 2.305030342485938,
2.303414774667455, 2.269173031649551, 2.291156737339598, 2.2846484037259347, 2.281061127750348,
2.303999952166088, 2.2939761984312628, 2.2741381182561327, 2.283468237500953, 2.2965019452451707,
2.288724491752362, 2.2916015769738034, 2.298968360423876, 2.2924119669319527, 2.2886997543446554,
2.280190360026832, 2.279520968980255, 2.2745892739806357, 2.2936744509149345, 2.2674043946883504,
2.2866391151418552, 2.2871016584007777, 2.286883591720584, 2.295670825835509, 2.2913706399263343,
2.2851046788295166, 2.278891029443546, 2.2905955345392055, 2.289872745806265, 2.233725377024944,
2.294335255501867, 2.278230084197831, 2.268604619714349, 2.280272904566967, 2.287564543845811,
2.2958256867258666, 2.2901979665155325, 2.2843913061972843, 2.2744321641148537, 2.2854699115200297,
2.2777480495117923, 2.2809249445100317, 2.2695004636831255, 2.2958024807955413, 2.27034933258852, 2.2903758598324617, 2.274840458897846, 2.291059139230102, 2.2802879643607734, 2.275374162093778, 2.285421305224005, 2.2747423164911322, 2.2868813336426665, 2.278797836052834, 2.2595504664462776, 2.2789673823928456, 2.283680520250579, 2.257499552680763, 2.2540987238607526, 2.287990905495471, 2.282373168928592, 2.284903657588666, 2.27022891534475, 2.247242240164809, 2.261866767302673, 2.267470946287057, 2.275386458779897, 2.2837568897420537, 2.2782668725549935, 2.280871204468085, 2.252008783166972, 2.2654103636520664, 2.2600098877070094, 2.2680346126343607, 2.2610424266062052, 2.277234327458579, 2.2816012817686397, 2.266572706260744, 2.258034124353918, 2.258762821674244, 2.2440594156821914, 2.2588102472646083, 2.247471516797563, 2.2577061016596587, 2.269098132205406, 2.2684536281184973, 2.235496418168809, 2.2471141483411587, 2.258368875075844, 2.258772891485666, 2.263321687276892, 2.2666482138391646, 2.2633720712151724, 2.2652175499121383, 2.2431883851058654, 2.2610003674248023, 2.2484701487750622, 2.259660385727938, 2.248222257206721, 2.2490509264240703, 2.251547153926383, 2.2484649703656916, 2.2490557781319973, 2.2529235165026646, 2.2433068638071125, 2.2297600841573755, 2.252362241475903, 2.2469790850655467, 2.2284939970037643, 2.2300196342333374, 2.231695954578665, 2.244049068393598, 2.2474012150807456, 2.219315519968565, 2.21480619491125, 2.253821070257646, 2.202224216853636, 2.211152713254315, 2.218551317449753, 2.2195433946461622, 2.215172971151149, 2.2190140341561166, 2.2338210253933584, 2.1833364785566713, 2.222928235773218, 2.226265217060402, 2.2265580064076427, 2.1915746343749425, 2.2293256233248946, 2.193262475655393, 2.224672845844621, 2.188901385362214, 2.1949019926868925, 2.221842410164881, 2.1994989172846062, 2.190659945841264, 2.1887378629475327, 2.176526802287848, 2.175419324783029, 2.17252039789181, 2.206279538573131, 2.185317408654808, 2.1788616844121567, 2.152196280288151, 2.1640180687132102, 2.169004249485242, 2.1310031961961804, 2.1774641377364365, 2.0908182978652796, 2.157888446171192, 2.151855594076303, 2.119393899780826, 2.1295312943071965, 2.139146188913528, 2.1402821118894706, 2.1318001865082916, 2.150309013388905, 2.156631191206617, 2.121583510171792, 2.118639085000399, 2.137299739686079, 2.1052334522627096, 2.171294372028479, 2.1029101937846497, 2.156530195830885, 2.120525156702694, 2.155846072168822, 2.11213637302764, 2.1074306327906074, 2.0799242504730895, 
2.132051189331197, 2.118599816393104, 2.077345883518902, 2.0903782868735683, 2.1052162250496265, 2.088073901592568, 2.087615754179788, 2.064474354471075, 2.101440408789889, 2.0840423923656806, 2.067616833579012, 2.0294538736226424, 2.0425803616247467, 2.0735203621880784, 2.068616529368642, 2.0246424089763715, 2.0124039751108596, 1.9802608952709837, 1.9764429406076802, 2.0717779344435283, 2.017303409509889, 2.025466396210191, 2.059600842759004, 2.0417714586616644, 2.034939948176267, 1.9626648584059354, 2.0033290372373003, 1.9744862729738601, 2.0191971994920226, 1.9909259547231375, 1.9920811078388012, 2.026262120514086, 1.9500268773669316, 2.0041592274369107, 1.9346483833876957, 2.000449960954684, 1.9556292770915837, 1.8789063666121777, 1.9731116477686768, 1.925048265521134, 1.9330622141576908, 1.8883737856331155, 1.9115625671120111, 1.945276584396132, 1.8989990433097645, 1.948124892284485, 1.8435086338182451, 1.8817964518468364, 1.8744198861411592, 1.8750724391918396, 1.8525304425840918, 1.88837579014665, 1.9135725526814318, 1.8629060914986675, 1.8670901262522894, 1.8345695775943347, 1.7595085411148403, 1.862514427674123, 1.8230274662290749, 1.8924029849542157, 1.80030409088177, 1.879799186494187, 1.822749474713922, 1.8553812290924103, 1.801924097284479, 1.8426212589167537, 1.859341870121747, 1.8092332258395067, 1.8200622690491557, 1.7727380755084408, 1.7262555659131937, 1.766550844475875, 1.7724248625750854, 1.712477008871455, 1.7683714853088635, 1.8249741162764237, 1.7304386745850824, 1.7690021794318023, 1.8089965311069431, 1.7174861590885848, 1.7368671255479402, 1.758328853467329, 1.7127948134751532, 1.7601501424352057, 1.7753838665689414, 1.7015027028504537, 1.715383628174805, 1.7588227627618127, 1.662116562988131, 1.7157792390392108, 1.6375408766605957, 1.5836792053065383, 1.7854362783261846, 1.653425422545834, 1.6304577909382374, 1.7118246445521565, 1.6682105686193316, 1.6700860066143806, 1.683478904077617, 1.712337701747768, 1.624141049606732, 1.6532941691664067, 1.667905168638075, 1.5697629716527026, 1.5645179359657573, 1.6509166301235816, 1.6743580485897451, 1.5802310264234174, 1.6382090850129871, 1.5661941821741954, 1.6158813269355674, 1.5310398419339097, 1.6395820574434692, 1.5888539653373692, 1.5082136789684042, 1.604408718090871, 1.5985459416945236, 1.5763756772732642, 1.534362617573198, 1.5541999556013117, 1.5495221856918326, 1.52762548722461, 1.623126645150532, 1.504399055415417, 1.5309342932222552, 1.5161544513807064, 1.525101801211489, 1.5454616606937244, 1.487629749266516, 1.4829795891973385, 1.474565345403521, 1.5718188666744013, 1.5853032091367083, 1.4502146415666757, 1.448483605169127, 1.4982113051109835, 1.5307235462968298, 1.3953591129831864, 1.481492804068989, 1.435981665188755, 1.5309796973699112, 1.4723207432285559, 1.4741814093601908, 1.3845729689484143, 1.5206370889369303, 1.428349541204171, 1.4796598299320138, 1.4530140229622481, 1.429324259810794, 1.567122823079519, 1.5281713914897268, 1.519938287536621, 1.3663044059878282, 1.375533435664388, 1.3403802135396718, 1.4677928186704883, 1.3962033438427672, 1.4759769147996107, 1.275800444594001, 1.4314457856423628, 1.4794761473209395, 1.340874571119575, 1.4665335611384518, 1.3617170399195226, 1.4002555080931378, 1.3740134148746281, 1.4159458959446056, 1.3747571497485231, 1.3419819161762596, 1.3724606798531929, 1.2490266694793977, 1.3458227989826221, 1.3214953769493973, 1.243392406586291, 1.3215090360005601, 1.3134960885951017, 1.332038325502606, 1.3605613071525466, 1.243970981919379, 1.3062979644528847, 1.378911324934183, 1.297369755741129, 1.2975411999211586, 1.3438748220792878, 1.3005942041115564, 1.2460628711961588, 1.3363121667979325, 1.339609411228545, 1.3674938447619596, 1.4084961552081092, 1.3872009979483726, 1.3015769209771355, 1.309364773919202, 1.2526090513015982, 1.304518417642409, 1.2628590355075082, 1.316197415103041, 1.2137177098029381, 1.287321860836131, 1.1535497098212542, 1.334345854518451, 1.2055834655423718, 1.219794242744574, 1.1963807195533434, 1.2622537343005604, 1.2714366958201406, 1.2796495795195324, 1.2580465850614744, 1.3100900959780184, 1.1961118553581442, 1.2312127994318074, 1.343324533951852, 1.1332754877320845, 1.1765781640432769, 1.2157226008019442, 1.1290802975397936, 1.1811301887027656, 1.1750955819501379, 1.248460012854955, 1.2059599945037514, 1.226059214602243, 1.1843699887700343, 1.1702944631984888, 1.2355505346463767, 1.1400360081691046, 1.0867013400518053, 1.2370245160557827, 1.1819407326137419, 1.1719625983436106, 1.0823740270464939, 1.2173617839950583, 1.192874193124214, 1.238610176844129, 1.1976556683096828, 1.2541576669410262, 1.2085983780416034, 1.1455570665804757, 1.0381432746410122, 1.136809557144604, 1.1384302605859689, 1.044801841498365, 1.094427348887754, 1.072549222011867, 1.117600051442369, 1.0146944131457551, 0.9920926980700508, 1.0191496389621086, 1.1649064206732886, 1.1963879643580346, 1.0900275662509522, 1.1219803276422267, 1.1820305257460888, 1.1369888333148592, 1.0375909977427191, 1.0596932134362944, 1.1352456641380986, 1.0847564394393052, 1.0460491466299064, 1.0980830015833876, 1.101365172829055, 1.0385641362059426, 1.1804245746155968, 1.1361445595303612, 1.1572250309312966, 0.9949165012868452, 1.094662735032033, 1.1003800476431502, 1.154777327428399, 1.056478115191051, 1.1651891054764545, 1.0295183307227227, 1.0801312093431692, 1.07493645470708, 1.1167006121752199, 1.1663210540445645, 1.0058491374829783, 1.0371409217709087, 0.9715163168591355, 1.0664232850673334, 1.0596127688950694, 1.1939243986792858, 1.1233284429417807, 0.9977302885855438, 1.0752709699031366, 1.153090741520991, 0.9429867095712354, 1.0374545708932479, 0.9508354739897266, 1.036274489902305, 1.1399169721184663, 1.0556461243024544, 0.9281544989941903, 0.9260905671730039, 1.2298833620198595, 1.0736424409575553, 0.9408063854562916, 1.0969512020703853, 1.1190699655604621, 0.970880486570297, 1.031688654666976, 0.8667649098804391, 1.04007295163029, 0.8562113969341951, 0.9241297057315365, 0.9215461533424901, 1.074156350597394, 0.940855651660405, 0.9176413061659668, 0.8259514367277224, 0.9835615925522204, 0.9754097813334556, 1.0361075860460154, 0.9322846078061093, 0.974821456425054, 0.9428019843496493, 0.9513841441488745, 0.9381976402491398, 1.088236168707572, 1.044162365834413, 0.9907318657325525, 0.9393916122387211, 1.0273627669213565, 0.9855062871960398, 1.0278085373031767, 0.9688042530590846, 1.0328374237246805, 0.9854229432488103, 0.9473122384550793, 0.9712234911834321, 1.0930230147630349, 0.9741308233951301, 0.8942361091349462, 0.8622306338061658, 0.8879139372993881, 0.8896070599272963, 1.0006959666211879, 0.971138476387071, 0.9349121873719021, 0.9839930401373891, 0.9753371417670549, 0.9030517692059807, 0.978493607347335, 0.9397483987572919, 0.88899721573759, 0.8752870023657131, 0.9979585038359485, 0.8520901908685553, 0.9604281792574961, 0.7718018287119628, 1.0258336482654213, 0.8744112070118701, 0.9165072483431278, 0.9610758228842364, 0.7955132371040089, 0.8574337937385705, 0.9186564521436685, 0.8511380371876974, 0.867818391412281, 0.893304524893819, 0.8512721792892178, 0.866386735500317, 0.9182481923965802, 0.9263179914320844, 0.9451572926530778, 0.881824158608945, 0.7349255036259129, 0.9597859374380591, 0.8503787251340799, 0.8667362088299343, 0.9335288301138192, 0.853358067482549, 0.9478179253496615, 0.8961294950026134, 0.7267876129474763, 0.8952308878787097, 0.8340054742941733, 0.7909609355034825, 0.9271852793506835, 0.8093581749294652, 0.8288793831775184, 0.8069062163895907, 0.9105593929153671, 0.7941065859669991, 0.859258710748867, 0.8623520133670991, 0.8334323626057715, 0.830934151528192, 0.8909863835799726, 0.8994998982459816, 0.9231486088494474, 0.8204284604759293, 0.7977366692145097, 0.9299506550564628, 0.8804863839920203, 0.815160868682831, 0.8603356189983429, 0.8818969734294234, 0.8004229674743264, 0.8157946176918801, 0.8509902369186686, 0.8121264285888291, 0.8404333270753211, 0.8693619995675852, 0.8338852910019434, 0.7652200168953921, 0.8215527199414843, 0.7819926953803307, 0.8245132757558028, 0.8376387688949548, 0.8493128318524392, 0.786796552500691, 0.7461139104404247, 0.8952037108577039, 0.6952225004882884, 0.7016190402713466, 0.9282408822662699, 0.8600490064783145, 0.8593263824227235, 0.8060675183810636, 0.80428773955414, 0.8650069864871397, 0.737096549401287, 0.8042549841388901, 0.871823047421508, 0.8148423951575994, 0.8866612939990182, 0.8967831841941586, 0.742597536395599, 0.7898676571743829, 0.7326693841475668, 0.8449377573542423, 0.8019175283978153, 0.7863996999148738, 0.6960850659745774, 0.7817617566722737, 0.7176544472666968, 0.8123281825699413, 0.7795012880803932, 0.6970193017565373, 0.7565743093478153, 0.7545049794881575, 0.7369303920889746, 0.6526160606541986, 0.7772465429047142, 0.7251904849451917, 0.7829493812464431, 0.8257970026432717, 0.8052695890373743, 0.8298100685050581, 0.7276849875503802, 0.7236305071098841, 0.6525632117040197, 0.6596211942720984, 0.8140865748258272, 0.9026882413769899, 0.9169412249079812, 0.7479403343331973, 0.7811362309303267, 0.7117460977507143, 0.8330791190937222, 0.7486955113109763, 0.7056657449905476, 0.7750485720348703, 0.7001615047743605, 0.7343450279739385, 0.706587234614514, 0.8056276691798854, 0.6562912539462153, 0.6265049999485673, 0.7220900425614849, 0.7693064515186844, 0.7230589995844607, 0.7453328845915244, 0.7500474164651127, 0.7641499537564461, 0.8175775208041621, 0.7041228700074723, 0.7594429222628191, 0.7593952327081125, 0.6522509883608142, 0.7331086311783028, 0.6415081306573138, 0.6451551155206467, 0.6922200281550152, 0.7281306881806003, 0.7160448502056542, 0.6781233766097619, 0.6980654250505914, 0.6632314454729316, 0.7200208434448157, 0.6657636681787431, 0.7155630223707787, 0.6763889563470277, 0.7143432476568623, 0.6537279647085529, 0.7989976287546909, 0.6664257745819344, 0.6948526068091461, 0.6793338335996405, 0.694975540886194, 0.7998030221680688, 0.5684167677900833, 0.7280666773329346, 0.7446602769680198, 0.7693683708181606, 0.6732085101323831, 0.7478245586460277, 0.7903906073049781, 0.6935607738276278, 0.6782675183323884, 0.6862749193359159, 0.6660351834969059, 0.7563485660835814, 0.7565693211457061, 0.6312823372753038, 0.7155612840544194, 0.6949365941637037, 0.729813141248264, 0.6727279176174141, 0.6231377522522942, 0.6387675443514176, 0.8892245652321455, 0.6284299202657146, 0.6775951182268749, 0.6252041602472491, 0.6627485023005575, 0.7236081163395377, 0.6906480712394493, 0.6984882432403678, 0.7073208712863993, 0.6540217219102176, 0.6839689772109877, 0.6101664443789901, 0.6337805066938699, 0.7258750275714168, 0.7639545942044629, 0.6178872904751394, 0.6708517924703652, 0.6487195949938445, 0.8141198834369467, 0.6107446031089375, 0.6150462931307529, 0.7077944141094172, 0.7210972803375121, 0.6631495910504595, 0.6883063740323953, 0.7327331411637232, 0.6336222214847574, 0.7447698848304154, 0.6641113935016355, 0.6020004578374918, 0.6383576067377785, 0.6835851507653068, 0.6138075620368766, 0.6093406997096333, 0.6675321271636426, 0.7745451375448789, 0.662723886855714, 0.6133089478355813, 0.7260818020834509, 0.6904748127314825, 0.7050389189276625, 0.5945600106324656, 0.6239941022326448, 0.7834951438266674, 0.6411947250099544, 0.7211879217559569, 0.6430722522781858, 0.6263496654461295, 0.6263308810686672, 0.5600087321408439, 0.6272824580289798, 0.7887125750173961, 0.5915308358237237, 0.7068471876134076, 0.6794350746847754, 0.622874496385818, 0.5991004212882046, 0.6950719536395489, 0.5753930785221241, 0.7761058208926006, 0.7182635105500527, 0.6178204230916674, 0.5985012551912609, 0.7020105609286492, 0.6511262130054473, 0.6905924104372032, 0.7775818352723156, 0.7476381330902828, 0.5675690189260236, 0.6087779942740663, 0.6105976927782781, 0.5542974417229387, 0.6475843885484331, 0.6599659700751406, 0.5149093356031244, 0.572166334413861, 0.6308349374554766, 0.6685454684469252, 0.646763719339424, 0.6007073990135199, 0.6887635284027334, 0.6246251693733624, 0.612348736520835, 0.6000105159016049, 0.5937605641195327, 0.6032726348395974, 0.6339964354841072, 0.5785798860961286, 0.7610103647026862, 0.6492704652801535, 0.7146117113325325, 0.6180697901111739, 0.6108382827775458, 0.5165597423148806, 0.6961372998575112, 0.5229333572006012, 0.6711441290470528, 0.6164045523691568, 0.6247308383399153, 0.6463586547183665, 0.6203000934667809, 0.5211108566329382, 0.6635673864037601, 0.6649943774333928, 0.6125786965299153, 0.635151793459528, 0.5438344701582468, 0.6582896260426853, 0.5428428068392606, 0.6741463663841468, 0.5053008533500267, 0.5830943612582193, 0.6270846445232645, 0.6367656032400528, 0.576109003998963, 0.572489994913108, 0.5583699063543442, 0.5943368558809623, 0.7048061812310064, 0.5887462210722613, 0.5690444674773544, 0.5188208969161618, 0.6670408193671744, 0.48226943946955486, 0.6499961872260148, 0.5523982096626412, 0.6871541961578117, 0.5651480845538235, 0.5573446082307307, 0.6967000389256307, 0.47238283622911337, 0.6634717202121898, 0.5960442161424306, 0.650124382907699, 0.6729446038827865, 0.5835339878063786, 0.651133746826394, 0.5629643778556904, 0.611658423853383, 0.6791564938668795, 0.6487463401228385, 0.661382332328677, 0.540070755828254, 0.5598935474938432, 0.5996408737681764, 0.5699555784910358, 0.6274135986873755, 0.523268504450463, 0.6072789533246337, 0.5840094919579699, 0.6739852448424698, 0.5686781653305882, 0.5472148587394188, 0.5591555673523261, 0.630267285913928, 0.6230409877363167, 0.5895997640198393, 0.6298788141135258, 0.5430881537257151, 0.5476382478356778, 0.5521870989460269, 0.5425431499231714, 0.5527763125740613, 0.652722985714835, 0.5643805349972373, 0.7179663171445424, 0.7799202111184347, 0.5919225149238987, 0.6106448885254099, 0.5423996524544644, 0.6437826109196617, 0.6884719061915101, 0.6054250587659061, 0.5391473962088055, 0.5621961777648647, 0.5576076507815748, 0.6292496037377195, 0.5956331409724305, 0.6507618125399348, 0.5562392545879117, 0.5470138273613255, 0.4928606820411109, 0.6431194331871134, 0.5432306994636957, 0.5477398192001686, 0.6532511876132635, 0.5771858981445398, 0.5365284470810595, 0.5296785190531688, 0.609671128361634, 0.5094386431669633, 0.5695033155721885, 0.493036115648999, 0.48252617361522837, 0.5599352630969219, 0.5688641117216471, 0.5614464887507887, 0.41751354695613807, 0.6128949087155952, 0.5025582022078704, 0.5607913935065187, 0.4803723771835693, 0.4672695795739705, 0.6244004548098974, 0.6704839930790907, 0.555679353210458, 0.5365864805473154, 0.5350985750941912, 0.6360854418979232, 0.6378988209104124, 0.542911312528471, 0.5610389647372124, 0.5564321896125197, 0.6652520985020266, 0.5468446965643662, 0.6074737454412195, 0.5295228380051998, 0.6104445091246827, 0.5987621383117575, 0.5765525298626691, 0.4409492090935484, 0.5913784677300753, 0.588778532087023, 0.4589245898842462, 0.5224635476179852, 0.44221632254500143, 0.6152956548724663, 0.5720332625483446, 0.5595427727967985, 0.5122336325549766, 0.49935732670382443, 0.5187066767344819, 0.5827077770148107, 0.5213035073445501, 0.5281699206281548, 0.5370492054024657, 0.6879632512201732, 0.6023617780457117, 0.5767019034307047, 0.5641804670662252, 0.5390333826628712, 0.7193280730246152, 0.5635537311154906, 0.5513055176560281, 0.553155134253718, 0.6983131626527281, 0.6254356971638112, 0.5531703358274317, 0.4491279103715912, 0.7363581030460915, 0.66025260634772, 0.5762751827934349, 0.5105803160349558, 0.5643094871069126, 0.5316746867034053, 0.5140194681011344, 0.5695940017695684, 0.5135818403635949,
0.5183999637611043]