[[ 1.67544460e-02 -5.18013767e-03]
 [ 1.14745019e-03 -1.47053661e-02]
 [-2.20272677e-03 -4.04960123e-04]
 [-8.64049959e-03  4.41780228e-03]
 [ 8.33591808e-03 -6.99324420e-03]
 [-2.29966103e-02  1.75717173e-03]
 [-4.91478587e-03  2.94607206e-03]
 [ 8.99379898e-03  1.76461847e-02]
 [ 1.37361515e-02 -5.68620557e-03]
 [ 3.91292263e-03  5.15094474e-03]
 [-1.50899009e-03 -8.61292815e-03]
 [-1.87524768e-03  3.47800463e-03]
 [-3.89379284e-04  1.10507102e-02]
 [ 1.99041620e-03 -2.08922444e-02]
 [-7.09170078e-03 -8.58659745e-03]
 [ 4.95526571e-03  2.14768618e-03]
 [-1.54182317e-02  2.28440244e-02]
 [-1.30167006e-02  6.14055171e-03]
 [ 1.62171095e-02 -7.61182785e-03]
 [-1.76281317e-03 -1.44791049e-02]
 [-9.48565413e-03 -1.42021921e-02]
 [-1.70228736e-03 -1.73028863e-02]
 [-1.20153853e-02 -1.46808879e-02]
 [-1.54383170e-02 -2.85789590e-04]
 [ 1.26578605e-02  1.51465111e-03]
 [ 5.14178133e-03 -3.12342370e-03]
 [ 9.98005163e-03  4.83855653e-03]
 [ 6.46982279e-03 -6.98862751e-03]
 [ 1.23389562e-02  2.38024681e-03]
 [-7.35243944e-04 -5.55574373e-03]
 [ 2.23912047e-03 -5.85743597e-03]
 [-9.61181649e-03  3.42861506e-03]
 [ 5.74029848e-03 -5.24761149e-03]
 [-1.33020070e-02 -4.11950016e-03]
 [ 1.27840930e-02  7.92871924e-03]
 [-1.03189772e-02 -4.57043222e-04]
 [ 4.18044692e-04 -5.19137868e-03]
 [-1.00852920e-02  1.48448559e-02]
 [-1.29875232e-02  1.65874891e-02]
 [ 6.82971485e-03 -6.35001095e-03]
 [ 7.86486466e-04 -7.16950864e-03]
 [-9.91913364e-03 -9.51078503e-03]
 [-1.67046570e-02  9.74037040e-03]
 [ 1.26018450e-02  3.78611950e-03]
 [ 5.15379120e-03  1.45211554e-02]
 [-1.03271904e-02  1.10605965e-02]
 [-9.20020566e-04  6.40531867e-05]
 [ 3.64659708e-03 -8.48037922e-03]
 [ 1.00936699e-02 -7.15042287e-03]
 [-1.93682904e-02 -8.34571934e-03]
 [-1.27494479e-02 -3.05881577e-03]
 [ 2.93533875e-03  2.01298226e-02]
 [ 5.67736023e-04  1.59792436e-02]
 [-5.71942213e-03 -1.34928139e-02]
 [-5.16145293e-03 -1.38804325e-02]
 [ 3.91260493e-03 -2.37504408e-02]
 [-3.04329933e-03  2.53795293e-03]
 [ 1.31580343e-02 -9.07322435e-04]
 [ 2.98695339e-03  1.14358365e-02]
 [ 7.29463943e-04  6.43022240e-03]
 [ 9.28988360e-03  1.09709999e-02]
 [-1.25661830e-03  2.76900164e-03]
 [-6.84859911e-03 -8.06314803e-03]
 [ 5.44081870e-03  7.68548293e-03]
 [-1.16869997e-02 -8.79398695e-03]
 [-6.37078922e-03 -6.32645478e-03]
 [-6.61169719e-03 -1.55623320e-02]
 [ 1.16821303e-02  7.06940913e-03]
 [ 5.40022406e-03 -7.59225249e-03]
 [ 8.83561920e-03  1.20853908e-02]
 [-1.79913862e-03 -3.03195125e-03]
 [-2.05255319e-02  3.34686491e-03]
 [ 9.99321941e-03 -9.89338920e-03]
 [-1.21227143e-02  2.03684467e-03]
 [-2.95523933e-03 -4.45462968e-04]
 [ 8.30990495e-04 -1.75196182e-02]
 [-5.03646712e-03  9.77421085e-04]
 [-3.94421935e-03 -1.64737771e-02]
 [ 2.04181531e-03  4.71103733e-04]
 [-4.30633576e-03  2.06245988e-03]
 [-9.29673909e-03  7.83754178e-03]
 [-3.44183621e-03  1.14639936e-02]
 [ 1.93277420e-02  6.36459515e-03]
 [-2.98763574e-03  1.85505549e-04]
 [ 7.96572690e-04 -4.73044628e-03]
 [-1.10397415e-02 -4.86134061e-03]
 [ 7.49016037e-03 -4.00915393e-03]
 [-2.27729170e-02  4.82823916e-03]
 [-3.12915093e-02  2.06923469e-03]
 [-4.71707922e-03  3.41535972e-03]
 [ 2.70387390e-02 -6.16440623e-03]
 [-1.03993575e-02  1.54067125e-02]
 [-7.05419320e-03  1.73273958e-02]
 [ 1.51457154e-02  8.65808059e-03]
 [ 1.28044963e-02  1.18893901e-02]
 [-1.63837651e-03 -1.94989513e-02]
 [ 5.59758809e-04  2.28653189e-03]
 [-9.92194335e-03 -1.31080936e-03]
 [ 6.13355086e-03 -1.51773430e-02]
 [-6.45512068e-03  2.17103312e-03]
 [-1.71616662e-03 -1.05369638e-02]
 [-2.76653484e-04  1.52138261e-04]
 [ 1.38745234e-02 -1.09980751e-02]
 [-3.36456490e-03 -1.42644227e-03]
 [-8.63671388e-03 -2.40894801e-02]
 [-1.26441216e-02 -1.25192757e-03]
 [ 1.39670240e-02  4.73500437e-04]
 [ 1.50702568e-02  3.49542081e-03]
 [-5.14780961e-03  1.05101418e-02]
 [-1.38501472e-03 -6.80114455e-03]
 [ 1.42857753e-03  2.48098213e-03]
 [ 3.18237475e-03 -6.45704630e-03]
 [ 2.30747140e-02  1.97486658e-03]
 [ 2.50532676e-02  4.30964977e-03]
 [ 9.13078123e-03 -2.87272485e-03]
 [ 1.17846750e-02  1.32217987e-02]
 [-4.57978008e-04  1.06201757e-02]
 [-1.92374363e-02 -2.90487645e-03]
 [ 5.52245658e-03  1.69518454e-02]
 [ 2.94133272e-03 -1.96298032e-02]
 [ 9.85167829e-03  1.71033564e-02]
 [-7.56895516e-04  4.15435222e-03]
 [-1.69843483e-02  1.44077519e-02]
 [-1.09412773e-02  1.86215196e-02]
 [-1.95012329e-02  4.69046640e-02]
 [-9.85020281e-03  4.06998166e-02]
 [-1.57613559e-03  8.98144418e-03]
 [-7.02853019e-03  4.58324678e-03]
 [-1.21861065e-02 -1.32620534e-03]
 [-9.64003783e-04  1.79536333e-03]
 [-5.01066308e-02  8.39391493e-03]
 [-1.78091023e-02  1.55551387e-02]
 [-2.10699277e-02 -5.71076676e-03]
 [-1.45962117e-02  2.29541264e-02]
 [-7.76593124e-03 -1.75897909e-02]
 [-4.70667154e-04 -1.00911971e-02]
 [-2.97580438e-03 -3.03736817e-03]
 [-1.29833595e-02  7.66168945e-03]
 [-3.05157407e-03 -1.35284565e-02]
 [-1.11880787e-02 -7.95797402e-03]
 [ 6.56599986e-03 -5.76235472e-03]
 [-1.05450056e-02 -6.08605411e-04]
 [-8.88938868e-03 -2.28143982e-03]
 [ 1.39998630e-03  3.55045530e-03]
 [-1.73468734e-02 -8.99812960e-03]
 [ 9.23340596e-03 -3.80121933e-03]
 [-1.30488736e-02  1.49659886e-02]
 [-1.51483243e-02 -2.61271920e-03]
 [-2.65425203e-03 -1.10805429e-02]
 [-1.47532903e-02  1.52057537e-02]
 [ 4.37479185e-03  4.20584318e-03]
 [-3.26747149e-03  2.43539531e-02]
 [-1.08416275e-02  6.50102900e-02]
 [-4.16858010e-03  9.68091282e-02]
 [-6.48309484e-03  5.14018424e-02]
 [-1.84447915e-02  2.36775620e-02]
 [-2.47423364e-02  1.48025269e-03]
 [-5.41851289e-02  7.02347975e-04]
 [-7.26898624e-02 -9.54842541e-03]
 [-3.11938367e-02  2.75238900e-03]
 [-2.72832845e-02 -3.36515169e-03]
 [-4.00919889e-03  1.27555360e-02]
 [ 8.96771654e-03  8.80298573e-03]
 [-3.35099262e-03  3.57830741e-03]
 [-1.87971307e-02 -3.54300366e-03]
 [-1.31758565e-02 -1.34073905e-02]
 [ 1.12061718e-02 -1.12207003e-03]
 [-1.15945074e-02  1.33024679e-02]
 [-7.56593513e-03 -7.04975766e-03]
 [-1.75712005e-03  1.32090453e-03]
 [ 2.86718918e-03 -1.15779522e-04]
 [-1.06479829e-02  1.66154297e-02]
 [ 1.36379058e-02  1.07762156e-02]
 [ 6.20473192e-03 -4.43723147e-03]
 [ 7.61102438e-03  1.12546671e-02]
 [-1.50526133e-02  9.27118289e-03]
 [-1.00487308e-02 -5.78000454e-03]
 [-8.11142565e-03 -4.33071463e-03]
 [ 8.90790091e-03  1.00790378e-02]
 [-1.27766713e-03  1.64492954e-02]
 [-3.58561752e-03  6.22266076e-02]
 [-4.73535855e-03  9.61309951e-02]
 [-3.59162568e-03  7.66775371e-02]
 [-1.50423009e-02  3.24985821e-02]
 [-2.93225048e-02  1.61732297e-02]
 [-7.84799038e-02 -3.52190910e-03]
 [-7.09610146e-02 -2.50311095e-03]
 [-6.19363368e-02  7.05361773e-03]
 [-1.39389188e-02  1.10617130e-02]
 [-8.50825552e-03 -1.39549725e-03]
 [-1.03602496e-02 -1.39864207e-03]
 [-1.44312307e-03  8.70871816e-03]
 [ 1.78426226e-03  4.27252502e-03]
 [ 6.79954559e-03  9.22187429e-03]
 [ 1.59099948e-03 -1.27759681e-02]
 [ 8.51428922e-03 -2.78727939e-03]
 [-5.99836553e-03  4.50768333e-03]
 [ 4.70539984e-03  1.21490135e-03]
 [-1.21913090e-02  7.34646349e-03]
 [ 2.21376138e-03  4.66925726e-03]
 [ 5.28304925e-03 -4.37335317e-03]
 [ 1.15557610e-02 -3.59125864e-03]
 [ 5.50517519e-03 -9.02179127e-03]
 [-2.78598981e-03 -6.66647544e-03]
 [-6.08527767e-03  7.43618246e-04]
 [-1.44746052e-03 -3.77001681e-03]
 [ 1.01378757e-02  6.48289886e-03]
 [ 2.02751936e-02  2.03804167e-02]
 [-1.01943166e-02  6.15904002e-02]
 [-7.37370660e-04  9.23013447e-02]
 [ 1.32184485e-03  1.01449191e-01]
 [-1.28630885e-02  4.72950340e-02]
 [-3.45915372e-02  6.31298876e-03]
 [-7.58246416e-02  1.65255189e-02]
 [-8.46803451e-02  5.72265098e-03]
 [-8.19666908e-02 -3.14860964e-03]
 [-2.49278514e-02  9.56083242e-04]
 [-4.59029852e-03  9.42253965e-03]
 [-1.59140308e-03  6.44691009e-03]
 [ 5.58891589e-03  1.04337781e-02]
 [ 8.28678675e-03 -7.88589211e-03]
 [ 1.59848493e-02 -3.31334109e-03]
 [ 2.30800493e-02 -8.99760492e-04]
 [ 6.47760529e-03 -1.85917645e-02]
 [ 1.98496296e-02 -1.18756948e-02]
 [-2.96069664e-03  1.53716665e-02]
 [ 8.50993012e-03  2.23910617e-02]
 [ 8.82342898e-03 -9.02010362e-03]
 [ 3.71954548e-03  2.12730959e-02]
 [ 1.02976613e-02  3.18074518e-03]
 [ 1.17222197e-04  1.26743200e-02]
 [ 1.20779905e-03  1.20831907e-02]
 [-5.17183136e-03  1.15565151e-02]
 [ 4.77328083e-03  1.81095963e-03]
 [-3.28590932e-03  9.63859716e-03]
 [ 3.61662889e-03  1.73456472e-02]
 [-1.95312254e-02  7.76926342e-02]
 [ 5.16059062e-03  1.16746063e-01]
 [-2.23782778e-02  9.58272112e-02]
 [-3.72390368e-02  5.33527218e-02]
 [-6.62220618e-02  1.68284341e-02]
 [-1.00080680e-01 -2.71681546e-03]
 [-7.30788883e-02  4.51168685e-03]
 [-3.86374449e-02  1.34617135e-02]
 [-1.97573954e-04  2.06193406e-02]
 [-1.11696882e-02 -2.65336720e-03]
 [-1.06333759e-02  4.86045340e-03]
 [ 2.62088755e-03  1.80262881e-02]
 [-3.84805035e-03  9.38476855e-03]
 [ 2.19487162e-03  1.41578856e-02]
 [-2.31859162e-03  5.48301054e-03]
 [ 8.39832061e-03  8.34509981e-03]
 [ 5.68666693e-03 -3.06589248e-02]
 [ 8.18535618e-03  7.68601999e-03]
 [-6.17206526e-03  7.67787636e-03]
 [-1.52991578e-03  6.68458394e-03]
 [-2.27137447e-03 -1.21923949e-02]
 [-5.87604682e-03  7.61999144e-03]
 [ 6.43374163e-04  2.14624479e-02]
 [-6.67677633e-03  1.06646030e-03]
 [-1.47930309e-02 -9.76020273e-03]
 [-7.88932591e-03  1.56731997e-02]
 [-4.59709006e-04  1.68814563e-03]
 [-1.10837765e-03  3.73987722e-02]
 [-1.42316969e-03  7.40423434e-02]
 [ 1.21475200e-02  1.15603599e-01]
 [-3.45479394e-03  1.14449439e-01]
 [-3.90220591e-02  4.82880169e-02]
 [-7.57979642e-02 -8.49385767e-04]
 [-8.70759025e-02  1.19907803e-02]
 [-6.32389495e-02  3.96566149e-02]
 [-1.46674084e-02  2.16257609e-02]
 [-9.33721587e-03 -4.96642345e-03]
 [ 1.05661273e-02 -1.65795086e-02]
 [ 1.04849252e-02 -7.58193672e-04]
 [ 1.14095097e-02 -1.18131948e-04]
 [ 8.11196906e-03 -1.06650374e-02]
 [-1.71171002e-03 -7.26977549e-04]
 [ 1.06482116e-02  1.33817461e-02]
 [-1.96068927e-03 -3.08577545e-03]
 [-1.80572879e-02  1.03196062e-02]
 [-7.74928488e-03  3.57887181e-03]
 [ 2.16137383e-03 -3.83331464e-03]
 [-8.49363446e-03  2.16388522e-04]
 [ 2.07115630e-02  1.04254814e-02]
 [ 4.66406874e-04 -1.63549084e-03]
 [ 5.57610243e-03  5.28921342e-03]
 [ 7.80763005e-03  7.76838685e-03]
 [-7.23213150e-03 -6.54676612e-03]
 [-1.75572913e-02  4.47693814e-03]
 [-3.89897875e-03  1.12011679e-02]
 [-3.31042727e-03  4.61498237e-03]
 [ 3.38902383e-03  6.37966893e-02]
 [-7.30977892e-03  1.01358279e-01]
 [-2.39752131e-02  9.40469453e-02]
 [-7.31692312e-02  3.82052147e-02]
 [-9.91947712e-02  2.64142513e-02]
 [-8.36381730e-02  1.48246780e-02]
 [-3.95445753e-02  9.16196040e-03]
 [-2.15284158e-02  5.02842070e-03]
 [ 1.07110075e-02  1.74564298e-02]
 [-5.79568577e-03  1.34276676e-02]
 [ 1.26204929e-02 -5.68788485e-03]
 [-6.55645120e-03  6.04032450e-03]
 [-3.87421038e-03 -9.77662403e-03]
 [ 1.99472563e-03  1.94883129e-02]
 [-8.25167630e-03  1.30255039e-02]
 [ 9.76065164e-03  2.34716389e-03]
 [-7.08849454e-03 -1.37225995e-02]
 [-1.80134911e-02 -3.57803454e-03]
 [ 9.09446003e-03  1.02188829e-03]
 [-4.99022497e-03 -9.85921657e-03]
 [ 1.16559111e-02 -6.22102566e-03]
 [-7.69436524e-03 -2.98409409e-03]
 [-1.01361997e-02  3.03915361e-03]
 [ 2.09746045e-03 -2.32571179e-03]
 [-2.36360201e-02 -5.49849608e-03]
 [-9.59432326e-03 -3.34321344e-03]
 [ 9.72255218e-03  9.46753859e-03]
 [-5.55461280e-03  1.05120601e-03]
 [-5.83753129e-03  6.06543110e-02]
 [ 1.79900497e-03  1.07699535e-01]
 [-5.09752017e-02  1.01247888e-01]
 [-9.21633544e-02  5.77193461e-02]
 [-8.93940185e-02  1.26795207e-02]
 [-7.86916436e-02  6.76708180e-03]
 [-2.07032515e-02  1.35640421e-02]
 [-1.01151785e-02  4.64960537e-03]
 [-4.58410634e-03 -2.42660241e-02]
 [ 1.01804021e-02  7.03654985e-03]
 [-1.09278610e-02 -5.41534785e-03]
 [-3.26686560e-03  7.77916147e-03]
 [ 1.11661301e-02  7.24068406e-03]
 [-5.36893573e-03 -2.28683765e-03]
 [-1.05088443e-03 -4.74735570e-03]
 [-1.03171309e-02 -1.08248812e-02]
 [ 2.10622541e-03 -1.31309755e-02]
 [ 2.84487008e-03  1.57133776e-02]
 [ 3.98348292e-03  1.23609696e-02]
 [-3.12353479e-03 -2.25463899e-03]
 [-6.23354419e-03  2.26093417e-02]
 [ 2.18378228e-02 -6.88603589e-03]
 [ 2.09401017e-03  1.90212176e-02]
 [-5.77904574e-03  1.38884269e-02]
 [-6.81285063e-03  3.95214623e-03]
 [ 3.72103152e-03  2.00555825e-02]
 [ 7.37017029e-04  9.36338938e-03]
 [-1.74885401e-04  1.40944918e-03]
 [-7.78701759e-03  5.48805004e-02]
 [-2.55525877e-02  1.07807515e-01]
 [-7.53388063e-02  1.17956092e-01]
 [-1.04168159e-01  5.56721349e-02]
 [-9.35588375e-02  2.35773070e-02]
 [-5.41340906e-02  6.84928336e-04]
 [-2.03815355e-02  2.41534867e-03]
 [ 1.29603343e-02  1.29365633e-02]
 [-3.16305096e-03  1.23289474e-02]
 [ 1.55218657e-03  4.22249806e-03]
 [ 7.84500324e-03  2.57304546e-03]
 [-2.11418307e-03  1.47369599e-02]
 [-1.65531067e-03  7.95053945e-03]
 [ 7.43557593e-03  5.60923390e-03]
 [-2.71053513e-03 -1.31314847e-02]
 [-5.76694649e-03 -1.27475709e-02]
 [-2.63908357e-02 -1.99398856e-03]
 [-2.11928433e-03  5.24172595e-03]
 [-1.65915217e-02  1.18618034e-02]
 [ 1.30640853e-02 -4.70463308e-03]
 [-7.95505023e-04  9.54701318e-03]
 [-1.26741355e-02 -6.19317724e-03]
 [ 2.14740476e-02  1.05623376e-02]
 [-1.29299684e-02  9.92293069e-03]
 [-5.69102743e-03 -7.17257509e-03]
 [-9.98825469e-03 -6.10555622e-03]
 [-2.90568770e-02  2.90138029e-03]
 [ 1.45373857e-02 -1.67155340e-03]
 [-1.68065270e-02  3.14169981e-02]
 [-4.74022493e-02  9.27983000e-02]
 [-8.70719769e-02  9.71173071e-02]
 [-8.38780923e-02  5.37419769e-02]
 [-6.18582644e-02  1.59297570e-02]
 [-2.14924406e-02  9.46513073e-03]
 [-6.31619844e-03  2.60235822e-02]
 [-2.07259861e-02 -7.34537207e-03]
 [-2.20516393e-03  5.33841159e-03]
 [-1.28523984e-02  2.78958108e-05]
 [ 1.05654756e-02 -9.52921484e-03]
 [-2.52960903e-03  4.96175821e-03]
 [ 1.36150234e-02  3.12144392e-03]
 [-1.28192288e-02  5.83772145e-03]
 [-2.12538458e-02  6.26530002e-03]
 [ 1.27508664e-02 -3.13339315e-03]
 [ 1.06313756e-03 -1.26703502e-03]
 [-8.63490699e-03 -4.47878607e-03]
 [-2.80787965e-02 -1.87861670e-02]
 [-1.80342867e-02  3.50029490e-03]
 [-3.30674479e-03 -7.55815897e-03]
 [ 5.16451371e-03 -8.32349365e-03]
 [ 6.81201367e-03 -3.87746877e-03]
 [ 5.97684233e-03 -7.30025215e-03]
 [-2.90218701e-03 -5.87950389e-03]
 [-2.93681437e-03  1.12317167e-04]
 [ 5.36294776e-03 -9.44488137e-03]
 [ 4.92650938e-03  9.74770477e-04]
 [-2.75338850e-02  1.60037255e-02]
 [-7.28451927e-02  9.84483398e-02]
 [-9.27100994e-02  1.20859710e-01]
 [-9.56246857e-02  8.52388678e-02]
 [-1.87531645e-02  1.55884836e-02]
 [-6.45121779e-06  1.20321822e-02]
 [ 9.24541687e-03  6.11319166e-03]
 [ 2.49190910e-03  6.93491935e-04]
 [ 9.69912584e-04  1.47524307e-02]
 [-1.32488995e-02  1.60687453e-02]
 [-8.50025586e-03 -9.87515642e-03]
 [ 1.05706088e-02 -6.95497430e-03]
 [ 3.09091398e-03 -1.10850126e-02]
 [ 1.18180414e-02 -6.22637081e-04]
 [ 5.60174866e-03 -2.07721030e-02]
 [-1.58163168e-02 -1.84165661e-02]
 [-1.27018408e-02  1.52459839e-02]
 [ 8.13887333e-03  1.47807729e-02]
 [-1.16950939e-02  1.07062272e-02]
 [-1.99261881e-02 -5.27607997e-03]
 [ 8.68630597e-03 -4.18876073e-03]
 [-1.47038899e-02  2.45469573e-03]
 [ 9.45473865e-03 -5.82405383e-03]
 [ 1.12110336e-02  1.12905800e-02]
 [-2.36615694e-02  2.35686967e-02]
 [-9.62842940e-03  3.89630622e-03]
 [-8.73360732e-03 -9.08405948e-03]
 [-2.56713987e-02 -8.45633359e-03]
 [-6.26680384e-02  1.38430045e-02]
 [-8.17994565e-02  8.57968305e-02]
 [-1.13945701e-01  1.23090427e-01]
 [-6.34458153e-02  9.10751367e-02]
 [-2.28203548e-02  2.12285239e-02]
 [-6.69352123e-03  9.12724421e-03]
 [-3.93988390e-03  1.19476429e-02]
 [ 1.27271835e-02 -3.36175889e-03]
 [ 3.08619805e-03  8.45501636e-03]
 [-8.57599104e-04 -6.56043087e-03]
 [-3.78135698e-03 -9.77311124e-03]
 [ 1.43266230e-02  2.72205010e-03]
 [-3.70625724e-03 -5.42827552e-03]
 [ 2.88876068e-02 -9.35411173e-03]
 [-1.13302511e-02  6.26667407e-03]
 [-4.42009682e-03  1.26754241e-02]
 [ 3.57680011e-03 -4.04220078e-03]
 [-8.57849094e-03 -7.66697050e-03]
 [ 6.33031916e-03  7.44413253e-03]
 [ 5.63502427e-03  1.43963577e-02]
 [-4.92515264e-03 -1.13755383e-02]
 [-1.07055500e-03  2.81055792e-03]
 [-9.60571309e-03  7.83485373e-03]
 [ 6.35737209e-03 -2.74835701e-03]
 [ 5.94553926e-03 -6.58972776e-03]
 [ 1.63774166e-02 -2.20638216e-02]
 [-4.22841021e-03  1.12805184e-02]
 [-3.30757960e-02  1.16243282e-02]
 [-8.99005646e-02  1.70010372e-02]
 [-1.11032605e-01  8.55122069e-02]
 [-8.20620043e-02  1.20998696e-01]
 [-3.73584642e-02  9.01907301e-02]
 [-1.39479067e-02  2.62920200e-02]
 [ 4.33854975e-03  4.95203564e-03]
 [-1.22623601e-02  3.04708193e-03]
 [-1.86606971e-02 -9.84061822e-04]
 [ 2.85128689e-03  5.36066559e-03]
 [-2.52742832e-03  1.42746480e-02]
 [ 1.32961974e-02 -8.15630090e-03]
 [-1.50767880e-02 -7.19922808e-03]
 [-6.80376993e-03 -2.19324532e-03]
 [ 1.31942758e-02  5.63433697e-04]
 [-1.65721024e-03 -9.02985998e-03]
 [-6.80729791e-03 -1.29792254e-02]
 [ 4.10186448e-05  1.09669352e-02]
 [ 1.56630191e-02 -1.25058867e-02]
 [ 1.55284295e-02 -1.69100165e-02]
 [ 1.78935924e-03 -1.49962966e-04]
 [ 2.99730741e-03 -6.14446123e-03]
 [-1.44618944e-04  1.11966295e-02]
 [ 1.80001958e-03  8.33329176e-03]
 [-4.05256268e-03  1.80023347e-03]
 [ 7.34474203e-03  9.66889172e-03]
 [-8.00505849e-03 -8.43681741e-03]
 [-2.70073977e-02 -5.93849245e-03]
 [-5.49696109e-02 -1.26841625e-02]
 [-9.16139504e-02  1.58401873e-02]
 [-8.52905721e-02  6.38509644e-02]
 [-4.45711533e-02  1.04546020e-01]
 [-1.59007788e-02  9.56363416e-02]
 [ 9.92184241e-04  4.72357760e-02]
 [-8.96843231e-03  1.05820906e-02]
 [-9.33269253e-03  1.28343478e-02]
 [ 1.03709263e-02  6.50523275e-03]
 [ 5.63458153e-03  3.79642646e-03]
 [ 5.16241205e-03  1.77891532e-02]
 [-4.34512991e-03 -9.98439560e-03]
 [-2.53471222e-03  1.18368518e-03]
 [-7.62982474e-03 -8.20468706e-03]
 [-8.01860163e-03 -3.78925377e-03]
 [-1.10363416e-02 -3.76386616e-04]
 [-4.99067441e-03 -1.78691738e-02]
 [ 7.70503212e-03 -1.73113982e-02]
 [-2.04505315e-02 -3.67723028e-02]
 [ 2.26658057e-03 -1.60663593e-02]
 [-1.48254899e-02 -1.50176140e-03]
 [-4.53137822e-03 -7.35191609e-03]
 [ 1.43935856e-02  6.99424240e-03]
 [ 1.34308685e-02  5.42154725e-03]
 [ 2.00428726e-02  1.03389035e-02]
 [ 6.79029461e-03 -7.13633417e-03]
 [-1.97641229e-02 -5.64284263e-03]
 [-2.97308162e-02  5.37733934e-03]
 [-8.32246346e-02 -1.14739492e-03]
 [-9.49475804e-02 -1.34332134e-02]
 [-7.19823725e-02  5.49595864e-02]
 [-1.94593464e-02  1.17717353e-01]
 [-3.59277994e-04  1.21309874e-01]
 [-1.56866077e-02  4.62482641e-02]
 [-1.58466442e-02  2.67827695e-02]
 [ 1.80430309e-02  6.85506400e-03]
 [-1.37323507e-02 -4.29246777e-03]
 [-4.69013080e-03  2.60595255e-03]
 [ 9.34048437e-03  4.45303785e-03]
 [-8.10250970e-03  6.97226091e-03]
 [ 2.89891927e-03 -1.28253604e-03]
 [-8.55035120e-03  1.26230042e-02]
 [ 1.22354226e-02  8.45746757e-03]
 [-1.69321536e-02  1.24474748e-02]
 [ 1.07446490e-02  4.56568442e-03]
 [ 1.52979483e-03  1.56035787e-02]
 [-6.82794193e-04  1.06846602e-02]
 [-4.17050488e-03  3.73434113e-03]
 [ 1.69070771e-02  8.39424876e-03]
 [-5.74270050e-03  2.19352930e-02]
 [ 5.96621924e-03 -1.84329696e-02]
 [ 5.14910437e-03  9.17181936e-03]
 [ 8.80271969e-04 -5.14285253e-03]
 [-9.06353515e-04  1.95038839e-04]
 [-2.40370104e-02  1.42339762e-02]
 [-7.61261511e-02  1.51544238e-03]
 [-9.25177264e-02  5.68948826e-04]
 [-1.07349126e-01 -1.24912205e-02]
 [-3.11167809e-02  4.69722056e-02]
 [-4.49398552e-03  9.95675673e-02]
 [-9.46987813e-03  1.30415028e-01]
 [-4.91493479e-03  6.21967506e-02]
 [-1.30420046e-02  1.25777531e-02]
 [-1.72636178e-02  2.51913355e-03]
 [ 4.14006167e-03 -5.14007436e-03]
 [ 5.13865575e-03  5.53443788e-03]
 [-8.65485866e-03 -1.74552211e-02]
 [ 1.04206777e-02 -6.14881482e-03]
 [-6.62986448e-03 -2.21184716e-03]
 [ 6.65610665e-03  1.13924589e-02]
 [-6.28776820e-03 -1.07607252e-02]
 [ 4.98880175e-03  3.75777739e-03]
 [-4.89799270e-03  9.30841201e-04]
 [-1.40023445e-03  1.15510143e-02]
 [-6.97122142e-03  6.00444996e-03]
 [-2.40660683e-02 -1.16816598e-02]
 [-6.04107767e-03 -4.19771505e-03]
 [ 3.60391364e-03  6.46521476e-03]
 [-1.71647774e-02 -1.50519914e-02]
 [-2.73158717e-02 -1.36721258e-02]
 [-9.64838515e-03  3.24481859e-03]
 [ 6.15348463e-03  1.03056898e-03]
 [-3.03088681e-02  4.37056485e-03]
 [-7.70672625e-02 -5.97460271e-03]
 [-8.75203804e-02 -4.20109279e-03]
 [-7.13262253e-02  9.86237076e-03]
 [-2.47993113e-02  3.50878232e-02]
 [ 1.61288730e-02  9.68929207e-02]
 [ 2.27950451e-03  1.00226267e-01]
 [-3.59388402e-04  5.26806799e-02]
 [-1.19006064e-02  3.26350687e-02]
 [-8.89965350e-03  2.29127448e-02]
 [-5.39494716e-03 -6.87981493e-03]
 [-1.31105261e-02  1.16053411e-02]
 [-8.78752570e-03  9.31671789e-03]
 [ 1.06535667e-03  1.10904932e-02]
 [-3.32118667e-03 -6.47074314e-04]
 [ 9.69474539e-03  2.65308749e-03]
 [ 2.78653444e-03  1.30476287e-02]
 [ 1.03388385e-02  2.88061936e-03]
 [ 2.17755778e-03  1.19634888e-03]
 [ 4.83953293e-03  5.03549187e-03]
 [ 7.44054693e-03 -6.59873276e-03]
 [ 4.97209826e-03  3.81888317e-03]
 [ 1.29688504e-03 -9.87940975e-03]
 [ 1.28844842e-02  5.60036453e-03]
 [ 6.95587116e-03 -4.15580996e-03]
 [-7.52293861e-03  9.74668991e-03]
 [-8.21502696e-03  9.54231969e-03]
 [-1.65959742e-02  2.76985939e-04]
 [-4.11036782e-02 -8.93532223e-03]
 [-8.48640006e-02 -9.95103983e-03]
 [-8.67052235e-02 -7.68454452e-03]
 [-3.05297393e-02 -1.34327790e-02]
 [-2.22961660e-02  5.77892416e-02]
 [ 5.61873116e-03  9.09966659e-02]
 [-8.74294824e-03  1.08342918e-01]
 [-3.17624683e-03  8.56532977e-02]
 [ 3.24704937e-03  4.81083386e-02]
 [-8.99919230e-03  3.15165952e-02]
 [-1.09105107e-02 -5.37029045e-04]
 [-2.86365817e-03 -6.90371018e-03]
 [ 1.22533139e-02  1.23995008e-02]
 [-2.13652805e-02  4.26237492e-04]
 [-1.10017143e-02 -3.97548819e-03]
 [-4.92324310e-03  1.25580178e-02]
 [ 2.34938447e-03  3.47967478e-03]
 [ 8.33675055e-03  1.48063749e-02]
 [-4.41881450e-03 -2.68862653e-03]
 [ 2.19492152e-02 -6.08520690e-03]
 [-1.57731297e-03  1.57389786e-02]
 [ 7.54422202e-03 -1.30695400e-03]
 [-1.06695914e-03  7.66771156e-03]
 [ 2.98680301e-03 -9.58833678e-03]
 [-5.69003600e-03  1.07468109e-02]
 [-1.15184291e-02  7.73131208e-04]
 [-1.59212792e-02  1.10882045e-02]
 [-3.39360169e-02  1.67115411e-02]
 [-8.32375154e-02  1.59570153e-02]
 [-1.00695429e-01  2.44072413e-02]
 [-5.73045670e-02  1.19892940e-02]
 [-2.44185862e-02  2.56751935e-02]
 [-2.27349867e-02  4.87713105e-02]
 [ 7.07304433e-03  7.04939636e-02]
 [-8.25552706e-03  8.31202145e-02]
 [-1.60876633e-02  7.63412465e-02]
 [-6.53550171e-03  3.65003632e-02]
 [-1.83358246e-02  2.20339752e-02]
 [ 1.39045485e-02  2.45780129e-02]
 [ 1.60942786e-03 -8.02741537e-03]
 [-7.37409658e-03  1.19852853e-02]
 [ 4.80513887e-03  5.05132464e-03]
 [-1.31044764e-02  1.79546340e-02]
 [-1.45332775e-02  2.12607591e-02]
 [ 1.64771063e-02  6.57213331e-04]
 [ 1.12329402e-02 -3.77379278e-03]
 [-6.06824502e-03  1.73281301e-03]
 [-1.48070977e-02 -2.68765242e-03]
 [ 9.63986288e-03 -1.01487540e-02]
 [-1.20423485e-02 -7.26334050e-03]
 [ 1.27109205e-02 -8.81630038e-03]
 [ 6.45316434e-03 -1.08676105e-04]
 [-1.20738014e-02  7.09661736e-03]
 [-4.16396076e-03  2.22872684e-02]
 [-8.55006841e-03 -4.37569182e-04]
 [-2.80164307e-02  1.67105559e-02]
 [-6.34968435e-02  2.04659428e-02]
 [-7.16896353e-02  1.26669329e-02]
 [-6.41108007e-02 -3.25340091e-03]
 [-2.84625055e-02  9.04586346e-03]
 [-1.05198363e-02  4.33555318e-02]
 [ 2.79995157e-03  2.83075344e-02]
 [ 3.98207441e-03  6.93506353e-02]
 [-1.72344217e-02  6.41921786e-02]
 [-2.94201893e-03  5.04283179e-02]
 [-1.43786320e-03  2.62275448e-02]
 [ 8.00507919e-03  1.33100858e-02]
 [ 9.72368159e-03  1.67184695e-03]
 [ 9.26991546e-04 -9.03454066e-03]
 [-9.51615101e-04  8.49345148e-03]
 [ 1.61033763e-02 -9.32777824e-03]
 [-2.21614502e-03  8.39300090e-03]
 [-1.05548871e-02  5.49997635e-03]
 [-1.28741668e-02 -4.92069320e-04]
 [-3.09187899e-03  1.68392068e-02]
 [-1.69045450e-03 -3.98177496e-03]
 [ 7.10162506e-03 -1.82871640e-02]
 [ 1.02415648e-02  5.94082742e-04]
 [ 6.23419062e-03 -3.21369675e-03]
 [ 3.43242181e-03  1.13721083e-02]
 [-7.36129850e-03  1.44675855e-02]
 [ 3.52012690e-03 -1.81565161e-02]
 [-9.00532349e-03  4.79685535e-03]
 [-1.35801132e-02  7.41237230e-03]
 [-4.10081192e-02  1.54617391e-03]
 [-3.54618915e-02  2.73516222e-03]
 [-5.36167749e-03 -1.67070862e-02]
 [-1.48655075e-03 -2.51026415e-04]
 [-1.21087901e-02  1.29063057e-02]
 [ 6.82018806e-03  8.43901187e-03]
 [-3.09417473e-03  2.54384320e-02]
 [ 3.61848811e-03  1.05963952e-02]
 [ 9.14839633e-03  8.46184012e-03]
 [ 9.91977664e-03 -1.31515588e-02]
 [-8.40764804e-03 -1.59531067e-02]
 [-2.50853028e-03  1.23193856e-02]
 [-2.90757338e-03  5.75906075e-03]
 [ 2.67944096e-02 -5.50787651e-03]
 [-5.56510804e-04  3.02577302e-03]
 [-9.20929320e-03 -5.93322164e-03]
 [-5.90302409e-03  3.85453115e-03]
 [-1.16888565e-02  7.73471645e-05]
 [ 3.97113258e-03  1.24082352e-02]
 [ 6.41745584e-03 -1.01659647e-03]
 [ 8.51683612e-03 -3.41195256e-03]
 [ 7.47924265e-03 -2.11617201e-02]
 [ 1.40252395e-02 -1.60110378e-02]
 [-9.90949157e-03 -4.78477847e-03]
 [-2.05084330e-03 -2.38635571e-03]
 [ 6.08312440e-03  1.73170802e-02]
 [ 1.61380482e-02  1.75355259e-02]
 [ 2.21623947e-03 -9.80903178e-03]
 [-4.24723691e-03  1.31979065e-02]
 [ 1.03928959e-02  2.03626585e-03]
 [-1.12269990e-02  2.70119218e-04]
 [-3.29809879e-03 -1.12811086e-02]
 [-5.36408026e-03  1.46391339e-02]
 [-7.15999478e-03  3.08527808e-03]
 [ 7.92689874e-03 -1.28722602e-02]
 [ 1.03968448e-02  3.84281789e-03]
 [ 6.30938608e-03 -7.66377839e-03]
 [-1.13689759e-02 -8.27499830e-03]
 [-6.21059360e-03  8.46762273e-03]
 [ 3.62406032e-04  1.72455199e-02]
 [ 8.71795180e-03 -3.95306020e-03]
 [ 8.26720652e-03 -1.10763067e-02]
 [-4.48329057e-03 -8.88187907e-03]
 [ 2.96397641e-03  1.73259803e-02]
 [-2.45810150e-03 -1.81513799e-02]
 [-1.65911381e-02  9.30204889e-03]
 [-2.22076789e-02 -1.54702573e-03]
 [-3.02769912e-03 -9.97258592e-03]
 [ 1.71911197e-02  1.58056547e-03]
 [-4.62288752e-03  1.47699030e-03]
 [ 4.42889168e-03 -1.24039849e-02]
 [-5.02913810e-03  2.95660956e-03]
 [ 7.88606162e-03 -2.29416057e-03]
 [-8.27907749e-04  2.31044889e-02]
 [ 6.10133941e-04 -1.03365097e-02]
 [-1.50866726e-02  1.72443109e-02]
 [ 3.85345460e-03 -1.08468407e-02]
 [-5.65935372e-03 -4.61278835e-03]
 [ 5.30232577e-04  4.74368401e-03]
 [ 1.57805525e-02 -1.09316068e-02]
 [-5.48959363e-03 -7.72732894e-03]
 [-5.53548867e-04  1.34979429e-02]
 [ 9.96073880e-03 -6.73312537e-03]
 [ 1.50851175e-02  3.91252488e-03]
 [ 9.72764425e-03 -1.13306221e-02]
 [-1.29641930e-03 -8.97790278e-03]
 [ 2.41210570e-02 -4.33972031e-03]
 [ 4.38082795e-03 -5.25677109e-03]
 [ 4.95939108e-03  7.49438153e-03]
 [ 1.26108541e-03 -2.02414416e-03]
 [ 3.15483754e-03 -3.04574971e-03]
 [-2.18840636e-03  1.78164123e-02]
 [ 1.07107932e-02  3.06923241e-03]
 [ 6.65938200e-03  3.25552455e-03]
 [-2.43026652e-02 -1.46807353e-02]
 [-1.99362609e-03  2.84138164e-03]
 [-1.65474834e-03  9.89915169e-03]
 [ 3.38202612e-03  1.77601802e-02]
 [-4.31565940e-03  8.97489933e-03]
 [ 2.22520261e-03 -7.95490800e-03]
 [-7.16240179e-03  5.22465430e-03]
 [ 9.54898255e-03 -2.38779508e-03]
 [-1.18230519e-02  1.50301964e-02]
 [-5.22267708e-03  4.00415280e-03]
 [-4.31418432e-03  1.53644388e-02]
 [ 9.96329969e-03 -1.70226800e-03]
 [-3.19556356e-03 -1.16018823e-02]
 [ 1.26241066e-02 -1.09360173e-02]
 [ 1.09741585e-02 -1.80641485e-04]
 [ 3.69279011e-03  1.02779248e-02]
 [ 2.21593839e-03 -1.71433576e-02]
 [-1.69198757e-02  1.00239152e-02]
 [ 1.73154044e-02 -7.01655330e-03]
 [-4.17365023e-04  2.14910237e-02]
 [-1.90851457e-03  7.62901090e-03]
 [ 6.56130086e-03  8.11460701e-03]
 [-1.12570041e-02 -9.01175084e-03]
 [ 1.43894858e-02  4.05921830e-03]
 [-1.22687510e-04  4.48970846e-03]
 [ 5.81934956e-03  4.39220642e-03]
 [-1.59363544e-02  9.22490268e-03]
 [-1.06674629e-02 -3.66781002e-03]
 [ 1.27813488e-02  2.77363943e-03]]