[[-1.64166390e-02 -2.17677293e-02 -1.79218374e-02  3.11748816e-03
  -2.13844655e-03  9.50763768e-03 -4.85367489e-03 -2.36289539e-02
  -1.91365316e-02 -2.65909977e-03 -1.42888002e-02 -1.13806984e-02
   7.17844933e-03 -6.68762308e-03 -6.36647391e-03 -7.75883853e-03
  -2.11170696e-03 -9.44458492e-03 -4.67601662e-03 -2.39510841e-02
   3.15793291e-03 -8.59472292e-03 -1.02884632e-02  1.45070765e-03
  -5.74236712e-03 -4.36989011e-03 -1.22244707e-02 -6.37007171e-03
  -2.64286900e-02  7.22056050e-03 -1.99445782e-02 -3.42772039e-03
  -1.42889106e-03  3.10366163e-03 -5.02658310e-03 -1.18892269e-02
  -8.19561307e-03 -1.13513539e-02 -3.63332273e-03 -2.93707610e-02
   1.60469175e-03 -8.93503716e-03 -2.42308962e-02 -5.40162896e-03
  -2.38769447e-02 -8.96069828e-03 -1.54475777e-02  8.51494626e-03
  -1.61764265e-02 -3.65702336e-03 -6.52436794e-03 -1.51536741e-02
   4.81380327e-03 -2.30002383e-02 -4.77621031e-03 -4.11671647e-04
  -2.22612673e-02 -3.09972999e-02 -1.46487030e-02 -2.46863269e-02
  -1.62275461e-02 -1.26521349e-02 -4.93317326e-03 -3.68836936e-02
  -6.13583492e-03 -1.58515057e-03 -2.35924089e-02 -8.80831423e-03
  -1.38946128e-02 -1.70046430e-02 -2.35189985e-02 -4.22943242e-03
  -7.26904700e-03 -9.87746740e-03  1.36667193e-02 -3.27249836e-02
  -1.41495673e-02 -1.86555342e-02  1.15339544e-02 -1.72847388e-02
  -2.19880872e-03 -1.86338076e-02  7.31268701e-03 -1.20928975e-02
  -1.10715424e-03  5.55758950e-03 -1.26969976e-02 -5.75108047e-03
  -1.10395413e-02 -1.14022726e-02  4.64367196e-03 -5.71124209e-03
  -1.54140768e-02 -2.29814923e-02 -7.72883461e-03 -1.46303980e-02
  -1.09477090e-02  9.28206575e-03 -2.01234542e-02 -6.66650279e-03
  -2.19972556e-02 -2.07498751e-02  7.45022551e-03 -2.09423235e-02
  -4.88013053e-03 -2.97229789e-03 -2.19243992e-02 -1.67929720e-02
  -5.69805843e-03 -5.11975391e-03 -2.47451266e-02  2.25055852e-03
  -2.74658910e-02 -2.83284030e-03 -1.24532559e-02 -1.46285590e-02
   4.29514166e-03 -6.76644197e-03 -5.47743820e-03 -2.19720569e-02
   4.64848261e-03 -1.22188702e-02 -1.87339912e-02  1.21794415e-02
  -9.04854081e-03 -1.26292114e-02 -1.42835551e-02 -2.24566043e-02
  -1.30415534e-02 -9.24292472e-03 -4.07237038e-03 -7.78049212e-03
  -1.82280885e-02  1.58965268e-02 -3.37696304e-02 -8.81099231e-03
  -8.30128351e-03 -2.27446657e-03 -9.28401715e-03 -1.16704114e-02
  -1.71205116e-02 -6.42621333e-03  8.21657896e-03  7.59774710e-03
  -1.30468239e-02  6.26698501e-03 -1.80800668e-02  5.41611272e-03
  -2.14880125e-02 -8.06678566e-03 -4.11970384e-03 -2.86137188e-02
  -7.01811389e-03  1.96999550e-03 -9.80300405e-04 -5.66284949e-03
  -1.62163381e-03  2.18418718e-02  7.44817248e-04 -2.06582324e-02
  -8.13354482e-03  1.51925771e-02 -1.18292939e-02 -2.34454155e-03
  -2.24215016e-02 -2.06168393e-02 -1.17179944e-02 -9.86984281e-03
  -7.88408708e-03 -2.07294165e-03 -1.79656996e-02 -1.60745897e-02
  -3.49502874e-02 -2.38674223e-02 -4.28029938e-03 -2.53166471e-02
   2.13133909e-03  9.83822783e-03 -4.59673020e-03 -1.91894242e-03
  -8.63941054e-03 -1.86846796e-02 -2.77619583e-02 -1.02218425e-03
  -6.93861108e-04  1.38493849e-02 -1.97009847e-03  1.25266190e-02
  -1.74870980e-02 -1.06633448e-02 -2.32738411e-02 -3.79161338e-02
  -1.82593849e-03 -2.19966947e-02  3.29308392e-03 -1.51591129e-02
  -1.11268155e-02 -2.35943953e-02 -9.48543572e-03  5.71256752e-04
  -7.17675756e-03 -5.67393050e-03  6.29539420e-03 -1.67145944e-03
  -9.94511713e-03 -1.23886754e-02 -1.39594030e-02 -2.84050191e-02
  -1.36138633e-02 -9.29010393e-03 -4.88568725e-03 -2.03899061e-02
   1.81634922e-02  5.74648955e-03  4.22276178e-03  6.59466077e-03
   4.02013222e-04 -6.43964724e-03  4.60304011e-03 -3.56090172e-03
  -6.39710330e-03 -1.59006058e-02  1.55596589e-03 -1.57453926e-02
  -1.77590209e-02  2.45837884e-03 -1.81481216e-02 -9.87415645e-03
   6.61258984e-03  3.48789399e-03 -2.14015891e-02  2.65412882e-03
  -1.39078135e-02 -1.94478597e-02 -4.71142638e-03 -1.77195444e-02
  -3.10116216e-02  6.05166863e-03 -9.18893807e-03 -7.49462725e-03
   1.87002453e-03 -1.13644837e-03  2.76133032e-03 -9.15799238e-03
  -1.56709703e-03 -4.77803177e-04 -7.12862893e-04 -6.32173830e-03
   4.34157131e-03 -3.90284211e-03 -1.72050802e-03  3.96791316e-03
  -1.22266936e-02 -2.01140127e-04 -2.17011961e-03 -4.59337086e-03
   1.40140084e-03 -5.89073282e-03 -1.76507657e-02 -2.80103070e-03
  -2.28827127e-02 -2.02409974e-03 -2.58374396e-04 -2.23225910e-02
  -3.18803886e-02  5.29883282e-03 -2.53502900e-02  4.09579521e-03
   4.30616069e-03  6.69551482e-03  8.10791068e-03 -6.44023356e-04
   4.79906931e-03 -8.12336413e-03 -1.84808690e-03 -1.48359841e-02
   3.13450701e-03 -3.10255433e-03 -2.13982400e-02 -1.81594300e-02
   1.76824478e-03 -3.11007593e-02 -1.88132806e-02 -7.78180962e-03
   2.97303169e-03 -8.58466022e-03 -2.08296200e-02 -2.68474497e-02
  -5.04922789e-03 -2.82287617e-02 -1.67957444e-02 -1.14668362e-02
  -1.35624830e-02 -2.82955662e-02 -2.90392691e-02  5.80976287e-03
  -2.81874087e-04  4.54891536e-04 -1.49232189e-02 -1.68497974e-02
  -1.83165723e-02 -4.27060666e-03 -4.73074944e-03 -1.99740100e-02
  -1.02923829e-03 -1.09871515e-02  2.83940007e-03 -1.11202276e-02
  -1.64354402e-02 -2.42195117e-02 -1.36941741e-02 -1.33581853e-02
  -1.95057149e-02 -2.30698038e-03 -3.01517978e-03 -2.42254422e-02
  -1.87249326e-02  5.71134973e-03 -1.56464095e-02 -1.22767754e-02
  -9.30639694e-03 -1.04669837e-02 -3.78802166e-03  5.02915950e-03
   1.39780943e-02 -1.53947017e-02 -1.53594067e-02 -9.44488452e-03
  -1.29499057e-03  4.51758504e-04  3.72994130e-03 -2.69012414e-02
  -1.82239332e-02 -1.64369224e-02 -1.54513690e-02 -1.99971916e-03
  -1.29815493e-02 -1.56365382e-02 -1.10616632e-02 -8.05640625e-03
  -8.02228253e-03  4.68415908e-04 -2.97520043e-02 -6.34756722e-03
  -8.24573456e-03 -1.14572912e-03 -3.11014589e-03 -1.50096661e-02
  -1.84217428e-02 -2.23222683e-02  8.19774474e-03  1.14466964e-02
   8.31336232e-03 -2.71156609e-02  6.36929865e-03 -2.15969400e-02
  -2.49773663e-02 -7.53469560e-03 -1.30255924e-02 -5.03551352e-03
  -3.08080042e-02 -1.90262078e-02 -2.64290627e-02 -1.50524252e-02
  -9.30093229e-03 -1.87985521e-02  1.07161299e-02 -1.89225407e-02
  -7.44658070e-03 -9.45993267e-03 -5.59800368e-03 -9.83368192e-03
  -2.37130398e-02 -2.23611760e-02 -6.56837315e-03 -2.77681681e-02
  -3.20507398e-02  1.54020097e-02 -3.62863779e-03 -1.16363165e-02
   2.51353921e-02 -1.87053399e-02 -2.02811526e-02 -1.13095866e-02
  -1.05216025e-02 -1.80660488e-02 -1.24977078e-02 -6.82315691e-03
  -1.98791805e-02 -3.35678197e-03  4.32092179e-03 -2.48270042e-03
  -1.59082270e-02  8.58292439e-03 -2.09532254e-02 -1.81181115e-02
  -4.60774751e-03 -1.24798769e-02 -8.83445101e-03 -1.63100964e-02
   5.58061867e-04 -1.72364582e-02 -1.09053823e-02 -5.35072792e-03
  -7.68959466e-03  1.80758264e-02  6.48679476e-03 -6.78437328e-03
  -2.63462024e-02 -1.03876932e-02 -3.73501628e-03 -1.31432680e-04
  -3.56116222e-02  2.32831679e-03 -5.87135999e-03 -9.48293015e-03
   2.16575321e-03 -9.96310661e-03 -3.68978504e-03 -9.77719172e-03
  -3.07699754e-02 -1.56892028e-02 -1.46852933e-02 -1.03853568e-02
  -4.59406475e-03  4.42861538e-03 -2.17146514e-02 -6.73139354e-03
  -6.81648616e-04 -1.35719228e-02 -1.57272905e-02 -2.71375342e-02
  -4.24500658e-04  7.87117528e-03  2.13767605e-03  7.12939528e-03
  -1.28793789e-02 -3.32087693e-03 -1.41612149e-02 -1.67224365e-02
   4.52485640e-03 -7.77470814e-03 -9.17521402e-03 -2.35679486e-02
  -5.61900742e-03 -1.64012994e-02 -1.40334913e-02  5.05574290e-04
  -2.56828173e-02 -2.44607452e-02 -5.57549135e-03  3.67469778e-03
  -8.87545658e-03 -1.10173293e-02 -4.26759931e-03 -1.01299915e-02
  -2.44317957e-02 -2.65655219e-02  1.17312987e-02 -6.16399078e-03
  -1.30469544e-02  7.89621807e-03  1.56382055e-02 -8.51184853e-03
  -1.36645242e-02 -8.49827252e-05 -1.09083318e-02  1.26660637e-03
  -1.75509982e-02 -4.05980130e-03 -2.85006083e-03 -3.11537204e-03
  -1.76360799e-02 -2.13422807e-02  2.28970106e-03 -1.01635681e-02
  -2.79448939e-02 -1.67643532e-02 -3.40181720e-03 -1.38664325e-02
  -3.91949787e-03 -1.11383699e-02 -4.68062363e-03 -1.71555863e-03
  -4.31364130e-03 -1.09262701e-02 -1.24504312e-02 -1.09887557e-02
  -5.40275104e-03  1.81576723e-02  5.73743573e-03 -8.69403437e-03
  -1.74620428e-02 -1.69683781e-02  1.63680666e-02  1.73281069e-03
  -1.46904305e-03 -2.40677727e-02 -2.10315417e-02 -4.69417307e-03
  -8.00152680e-03 -2.53846205e-02 -1.17440621e-02 -7.03753178e-03
  -1.96266093e-02 -6.74048897e-03  3.08313184e-03 -2.01576782e-03
  -1.02722421e-02 -1.69168913e-02 -2.24947529e-02 -3.46406901e-02
  -1.97877697e-02  4.03959736e-03  3.46959507e-03  4.04378313e-03
   1.01637229e-02 -8.25299390e-03 -1.08929139e-02  4.61664979e-03
  -1.92400876e-02 -9.83568731e-03  1.12036959e-02 -2.52910409e-04
  -9.29318474e-03 -1.21987814e-02 -2.36018436e-02 -1.88982946e-02
   8.08442284e-04 -2.06348162e-02 -6.49754526e-03 -1.04923957e-02
  -7.48393504e-03 -9.05742531e-03 -1.59429446e-02 -9.36361075e-03
  -1.25673200e-02 -2.43582264e-02  1.97644496e-04 -3.03729414e-02
  -1.21727525e-02  7.67737031e-03 -3.15578343e-03 -2.78907934e-03
   1.51948583e-02  3.11190281e-03 -3.38389654e-03 -5.50230191e-03
  -2.73220066e-02  1.50159488e-03 -7.05891112e-03  8.78783773e-03
   5.81885534e-03 -3.65685936e-03 -1.89890444e-02 -1.08690039e-02
  -9.02042640e-03 -1.79516349e-02 -4.99630893e-03 -6.36739298e-03
   4.25430584e-03 -1.85656559e-02 -3.11691930e-02 -6.69903423e-03
  -2.81135027e-02 -1.80559315e-02 -1.04572826e-02 -1.70154938e-02
  -1.72885505e-02 -7.13051014e-03  1.30410952e-02  1.66379944e-02
   1.90639737e-02 -2.07143843e-02  7.54095611e-03 -7.29380488e-03
  -6.88434329e-03 -8.77945254e-03 -1.55768153e-02  1.55713900e-02
  -4.79185402e-03 -2.16000941e-02 -4.63813804e-03 -6.76675728e-03
  -4.26742577e-05 -1.31990686e-02 -3.83232822e-02 -4.63301575e-03
  -2.34924941e-03 -2.38169740e-02  5.90463467e-03 -7.25920795e-03
   5.09697636e-03 -3.35016009e-03 -1.90566121e-02 -2.01389733e-02
   5.43661356e-03 -1.20550933e-02  2.55041350e-03 -9.07774594e-03
  -2.91060157e-03 -2.38998275e-02 -2.43328326e-02 -1.12730231e-02
   4.89375822e-03 -7.16073320e-03 -1.46510523e-02 -2.56090845e-02
  -1.44727018e-02 -2.83161802e-03 -1.61310416e-02  2.74468194e-04
  -1.36328592e-02 -2.90703109e-03  3.76223133e-03 -2.00744971e-02
  -7.68880965e-03 -2.80594582e-05 -3.60224210e-05 -2.34644436e-02
  -6.48893547e-03 -8.92695459e-03 -1.70218838e-02 -1.78762226e-02
  -4.19517418e-04  1.66125395e-02 -3.98005592e-03  1.40386482e-02
   1.10621895e-02 -1.28371141e-02 -1.53242441e-02 -6.21667266e-03
  -2.17248445e-02 -1.02903351e-02 -1.12488272e-02 -8.59307182e-03
  -1.38493611e-02  7.46338793e-03  7.71450788e-03 -2.93520997e-02
   1.13473106e-02 -1.39006549e-02 -1.19788405e-02 -1.05625729e-02
  -5.67695094e-03 -1.47651490e-02 -2.09260476e-02 -2.10800543e-02
  -1.18754811e-02 -1.63320984e-02  1.40336342e-03  1.45931457e-04
  -1.09746057e-02 -8.12043467e-03  1.88987425e-04  1.48209617e-02
  -6.52189622e-06 -2.33603929e-03 -2.03541365e-02  7.60975425e-03
  -1.73636310e-02 -9.98890843e-03  4.77113966e-03 -1.00173608e-02
  -1.96466894e-02 -5.99089146e-03 -9.99906742e-03 -1.37106374e-02
  -1.51371146e-03 -1.59452200e-02 -8.97747458e-03 -1.83840487e-02
  -5.53846246e-03 -2.40486910e-02 -2.87306819e-02 -2.90458384e-02
  -1.22982698e-02 -8.53962953e-03 -1.26303858e-03 -7.33245796e-03
  -1.12245549e-02  2.54313133e-03  1.45901675e-02  2.73872223e-03
  -1.34907779e-02 -6.64288135e-04 -1.05730022e-02 -9.95249862e-03
  -1.57029926e-02 -2.51142590e-03  3.43847501e-05  9.04844759e-04
  -1.77301671e-02 -5.86071126e-03 -2.37828302e-02 -9.71733706e-03
  -3.42695170e-03 -2.06830362e-02 -3.44835879e-03  1.76086570e-02
  -1.42421226e-02 -1.36835584e-02 -3.50273564e-04 -2.97543804e-02
   9.89498826e-03 -1.50338665e-02 -1.51559511e-02 -2.24587463e-02
  -2.15012559e-02  2.83595264e-04 -2.06567186e-02 -3.00765219e-03
  -5.21040508e-03 -1.20663637e-02 -2.40053583e-02 -1.35362545e-02
  -7.02167960e-03 -4.72140359e-03 -2.21321381e-03 -2.65132299e-03
   5.38568283e-03 -3.94935142e-03  2.01304184e-02  1.12051351e-02
  -2.33440485e-02 -1.90606218e-02  7.44481702e-03 -1.99814043e-02
  -2.74007482e-02  5.77413163e-03 -1.18962743e-02 -2.93891640e-02
   3.59958432e-03 -8.37748430e-03  3.22543047e-03 -1.20515312e-03
  -9.72096952e-03 -2.45957308e-02 -4.66532476e-03 -1.33895817e-02
  -1.14841495e-02 -6.56897834e-03 -5.72829794e-03 -1.79917324e-02
  -6.80443637e-03 -5.80648828e-03 -2.47792453e-04 -1.40624383e-02
  -1.88110933e-02 -2.22368451e-03 -1.07388536e-02 -9.68935958e-03
  -1.85496756e-03 -2.44305165e-04 -1.37045997e-02 -1.45121736e-04
  -2.28580197e-02 -2.17754507e-02 -1.43377542e-02 -1.22849034e-02
  -1.92201596e-02 -2.49461155e-02 -1.58326475e-02 -1.32524656e-02
  -9.46653900e-03 -1.31832790e-02 -1.86409104e-02  1.89358197e-04
  -6.99386703e-03 -2.01598316e-02 -4.03725474e-03 -1.68929857e-02
  -4.35479310e-06 -9.78260848e-03 -2.82700796e-03 -4.95527222e-03
   2.87207751e-03 -5.54515222e-03 -2.41915765e-02  6.60981389e-04
  -5.96224312e-03  9.73561076e-03 -2.65453282e-02 -2.12755730e-02]
 [-4.03178512e-02 -6.74797599e-02 -6.42223418e-02 -6.02552207e-02
  -3.91490330e-02 -3.69756674e-02 -4.99842821e-02 -3.43655469e-02
  -3.35210426e-02 -5.59861128e-02 -5.22591026e-02 -4.99096508e-02
  -5.58972353e-02 -5.78373353e-02 -5.73746677e-02 -6.60674371e-02
  -3.45530671e-02 -5.08801703e-02 -4.24490457e-02 -4.47332541e-02
  -5.00676497e-02 -6.82166049e-02 -5.02319445e-02 -4.57731959e-02
  -2.00744609e-02 -3.74643343e-02 -4.88922025e-02 -4.59341887e-02
  -5.63252334e-02 -5.20851686e-02 -4.21965326e-02 -5.46978026e-02
  -4.49132002e-02 -2.59644492e-02 -4.82180916e-02 -3.63251013e-02
  -4.59615629e-02 -6.02114510e-02 -6.08915269e-02 -3.50460668e-02
  -7.44054565e-02 -3.31086653e-02 -4.30711870e-02 -5.72192601e-02
  -5.35555584e-02 -5.33978338e-02 -3.72259292e-02 -4.00528716e-02
  -6.27486917e-02 -5.51367062e-02 -3.83948514e-02 -4.16049045e-02
  -4.66718788e-02 -3.46220184e-02 -6.37422716e-02 -4.75335191e-02
  -4.49794662e-02 -6.22377124e-02 -4.66668836e-02 -4.95965463e-02
  -5.12800714e-02 -3.38534318e-02 -5.78093723e-02 -6.44341614e-02
  -6.90122545e-02 -5.32236366e-02 -2.10953608e-02 -6.16454204e-02
  -4.82040422e-02 -5.39829815e-02 -4.65929498e-02 -5.27743925e-02
  -5.95830646e-02 -4.89921277e-02 -6.88976979e-02 -3.63472285e-02
  -5.60502446e-02 -5.50125864e-02 -3.09165057e-02 -4.61212969e-02
  -4.21045865e-02 -4.62206884e-02 -4.94939696e-02 -5.56037191e-02
  -4.36334774e-02 -4.98550092e-02 -5.95530038e-02 -4.72898580e-02
  -4.13913383e-02 -4.37681171e-02 -4.84150908e-02 -3.32622978e-02
  -6.08266175e-02 -3.83938459e-02 -5.96014214e-02 -6.15490980e-02
  -3.19532838e-02 -4.65971175e-02 -4.68112644e-02 -6.12092896e-02
  -4.09549571e-02 -5.86646617e-02 -4.65713470e-02 -5.02537451e-02
  -5.66317516e-02 -4.67855281e-02 -3.84745342e-02 -5.38290099e-02
  -6.10704824e-02 -4.19862495e-02 -3.07786190e-02 -3.97519199e-02
  -5.58312073e-02 -4.44499948e-02 -4.17804887e-02 -7.35097873e-02
  -4.70827836e-02 -5.02773303e-02 -4.79689957e-02 -4.53511049e-02
  -5.07852842e-02 -6.16881014e-02 -3.64029058e-02 -6.32958557e-02
  -2.22827120e-02 -2.30604614e-02 -5.02243347e-02 -5.44928171e-02
  -3.98015747e-02 -5.67217936e-02 -4.58710684e-02 -4.59659407e-02
  -2.40601633e-02 -3.45816136e-02 -4.77774198e-02 -5.12409580e-02
  -5.22259263e-02 -3.88216050e-02 -4.39043410e-02 -5.47265083e-02
  -5.77249460e-02 -4.08024650e-02 -5.18513475e-02 -4.80384681e-02
  -6.55220108e-02 -3.71491151e-02 -5.46908894e-02 -4.36846177e-02
  -4.98276686e-02 -4.61458172e-02 -5.50829379e-02 -3.36515712e-02
  -3.19430555e-02  4.46030404e-03 -3.98020162e-03 -1.79945003e-02
  -2.64195335e-02 -3.69966450e-02 -4.95864167e-02 -4.82366891e-02
  -5.33924442e-02 -6.21831690e-02 -5.62966543e-02 -5.57679320e-02
  -5.47421925e-02 -3.64621315e-02 -3.99494366e-02 -3.89957131e-02
  -5.75747672e-02 -5.43559470e-02 -4.46028195e-02 -5.36116990e-02
  -6.20208089e-02 -4.53548791e-02 -5.89933535e-02 -3.47481099e-02
  -4.50901454e-02 -5.45781955e-02 -4.87003688e-02 -2.94649015e-02
  -9.71789782e-03 -1.25008027e-04  2.28355765e-02 -2.66945191e-03
  -2.70616957e-02 -2.82041703e-02 -4.60550636e-02 -4.04450279e-02
  -4.78402943e-02 -2.36202061e-02 -4.87379331e-02 -5.97548631e-02
  -4.47926839e-02 -7.24224360e-02 -5.05442877e-02 -3.99689945e-02
  -4.69207340e-02 -5.10465474e-02 -5.36498513e-02 -4.83461200e-02
  -4.49875813e-02 -4.17754091e-02 -6.76052308e-02 -4.03340839e-02
  -5.09398902e-02 -6.96441188e-02 -4.02182464e-02 -2.01127543e-02
  -3.59346621e-02  8.60143412e-03  1.74321379e-02 -1.15254866e-03
  -1.31195443e-02 -3.06878379e-02 -3.51654446e-02 -3.65800828e-02
  -3.41733718e-02 -6.85656215e-02 -5.62467782e-02 -4.62508857e-02
  -4.69443252e-02 -6.81570004e-02 -3.72873101e-02 -4.87200891e-02
  -4.83914781e-02 -4.26356762e-02 -6.17492271e-02 -3.37713023e-02
  -3.34661878e-02 -4.31835000e-02 -3.81093012e-02 -5.02591779e-02
  -4.73054098e-02 -6.08314817e-02 -4.06770337e-02 -3.21737685e-02
  -1.44709825e-02  5.66574435e-03  1.05591166e-02  1.55634682e-02
  -1.33884724e-02 -5.12461542e-02 -3.35342110e-02 -2.50504442e-02
  -4.54299747e-02 -3.91150380e-02 -4.35178076e-02 -6.27339885e-02
  -4.85915016e-02 -3.63812948e-02 -5.85122164e-02 -4.09162470e-02
  -3.51314650e-02 -4.10761944e-02 -5.07115694e-02 -4.32063997e-02
  -4.73199798e-02 -6.46730686e-02 -4.11156982e-02 -3.65731107e-02
  -4.90425898e-02 -5.21436970e-02 -2.06348928e-02 -5.13535461e-02
  -2.25226261e-02 -2.70073037e-03  2.01844642e-02  1.11313646e-03
  -3.13087142e-02 -4.30661814e-02 -4.48345359e-02 -4.34044074e-02
  -4.07485559e-02 -3.49514698e-02 -5.45378997e-02 -6.12572212e-02
  -4.31470870e-02 -3.94503453e-02 -3.33241646e-02 -3.81537232e-02
  -5.85532038e-02 -7.15661465e-02 -3.70777329e-02 -5.79480711e-02
  -4.33020477e-02 -3.28623912e-02 -4.51425359e-02 -1.54694681e-02
  -4.48565330e-02 -4.99499168e-02 -5.18115479e-02 -3.92541681e-02
  -1.80110411e-03  1.92277059e-02  2.04039966e-02  1.49191106e-02
  -4.43545459e-02 -2.81138128e-02 -2.88556792e-02 -4.08183023e-02
  -3.91841318e-02 -4.50798982e-02 -4.88539621e-02 -5.03803125e-02
  -4.93421547e-02 -5.22305049e-02 -5.37412051e-02 -5.34858497e-02
  -5.37202363e-02 -3.79646045e-02 -4.40550240e-02 -3.01279661e-02
  -4.73407623e-02 -6.47251679e-02 -6.93144977e-02 -6.35762550e-02
  -2.34717510e-02 -5.11365407e-02 -4.47678643e-02 -4.69795939e-02
  -2.98801872e-02  1.81201084e-02  2.70163000e-02  1.26544619e-02
  -3.28108492e-02 -3.36762566e-02 -3.84850956e-02 -4.48602767e-02
  -7.59500922e-02 -5.42094713e-02 -5.99964401e-02 -5.78425671e-02
  -5.83013231e-02 -4.45005232e-02 -5.24505122e-02 -4.15112498e-02
  -6.72853734e-02 -5.54743464e-02 -2.87000672e-02 -4.04671211e-02
  -4.70223411e-02 -3.80179707e-02 -5.65826515e-02 -3.66452533e-02
  -5.21955429e-02 -5.59544315e-02 -4.81376765e-02 -4.13867484e-02
  -1.95946980e-02  2.26779759e-02  3.96590711e-02  1.38106587e-02
  -5.55027585e-02 -3.82103439e-02 -4.94266632e-02 -4.82114551e-02
  -4.61682394e-02 -4.79497828e-02 -3.52065996e-02 -5.16325135e-02
  -3.00693455e-02 -4.51198961e-02 -4.86621371e-02 -4.64711455e-02
  -3.83165061e-02 -4.37622409e-02 -5.13080376e-02 -4.58386229e-02
  -6.87633164e-02 -4.22694804e-02 -4.66023089e-02 -5.09704031e-02
  -5.31675085e-02 -4.75228748e-02 -6.43778196e-02 -4.72982577e-02
  -3.16983406e-02  3.34013389e-02  3.02831401e-02  5.66051984e-03
  -2.82832950e-02 -5.46833748e-02 -5.10637454e-02 -5.54763253e-02
  -5.88337495e-02 -4.09035664e-02 -5.45327154e-02 -4.75294438e-02
  -4.04094476e-02 -4.44118985e-02 -5.19878616e-02 -6.02679195e-02
  -5.57399702e-02 -5.29880300e-02 -4.57748876e-02 -5.48768675e-02
  -3.18906077e-02 -5.35901510e-02 -4.28622236e-02 -6.94037680e-02
  -4.64335230e-02 -3.40630243e-02 -5.03334419e-02 -4.80788436e-02
  -9.32198394e-03  1.36395157e-02  4.47862967e-02  2.86029498e-02
  -2.78753384e-02 -6.11946618e-02 -2.59363124e-02 -6.43724731e-02
  -4.25498011e-02 -3.11729763e-02 -4.83389745e-02 -6.87436940e-02
  -4.13522976e-02 -4.07316923e-02 -5.33801887e-02 -5.07500810e-02
  -3.79064855e-02 -6.11218425e-02 -4.11665531e-02 -5.49724929e-02
  -5.33842916e-02 -3.97734752e-02 -4.47088383e-02 -4.34777789e-02
  -5.27694006e-02 -4.02816965e-02 -4.98269531e-02 -5.47849991e-02
  -2.12740690e-02  3.62793292e-02  2.99777648e-02  1.36655342e-02
  -3.10634701e-02 -3.92816780e-02 -5.99452291e-02 -4.15556233e-02
  -5.12692936e-02 -5.71604842e-02 -4.28874143e-02 -4.91099535e-02
  -4.84508149e-02 -4.91405983e-02 -3.64423197e-02 -5.24579221e-02
  -5.30102457e-02 -3.61732660e-02 -6.14632088e-02 -4.25969782e-02
  -4.74755989e-02 -3.61226629e-02 -4.98533711e-02 -5.94639043e-02
  -6.11564636e-02 -6.06958761e-02 -6.08721217e-02 -3.40243216e-02
  -3.85808408e-02  2.13311781e-02  2.24674357e-02  2.05048927e-03
  -3.71924297e-02 -6.49678656e-02 -4.42223935e-02 -3.93228831e-02
  -4.85882085e-02 -2.84471892e-02 -5.59653952e-02 -5.28638577e-02
  -5.46801425e-02 -5.13023038e-02 -5.82700347e-02 -5.06308541e-02
  -5.12107886e-02 -5.21654368e-02 -3.31999375e-02 -4.57725034e-02
  -2.56545890e-02 -3.84578313e-02 -3.85654458e-02 -3.97712743e-02
  -4.45310026e-02 -4.32661670e-02 -4.54962241e-02 -3.76769831e-02
  -2.90000530e-02  1.65514649e-02  4.24146249e-02  1.27061028e-02
  -4.41111769e-02 -4.12029907e-02 -4.22830742e-02 -4.32921427e-02
  -5.09586391e-02 -2.97475842e-02 -3.64240300e-02 -3.26920062e-02
  -4.22032749e-02 -3.69627956e-02 -4.79952134e-02 -3.21839046e-02
  -4.57681699e-02 -5.85607481e-02 -5.16271360e-02 -4.22545572e-02
  -7.02955626e-02 -4.32066165e-02 -3.79439376e-02 -5.41438870e-02
  -4.58554610e-02 -4.35899776e-02 -4.68778030e-02 -5.43305174e-02
  -3.54802192e-02  1.30539517e-02  5.72983945e-02  1.75425055e-02
  -4.35356577e-02 -3.77984483e-02 -4.36103983e-02 -5.87709330e-02
  -5.59204755e-02 -4.34222883e-02 -4.50088365e-02 -3.41693387e-02
  -5.07746250e-02 -4.18755384e-02 -2.99977049e-02 -5.05649574e-02
  -5.41648899e-02 -5.17522531e-02 -4.16840627e-02 -4.07255972e-02
  -3.22890712e-02 -6.11170362e-02 -3.50012947e-02 -6.61920239e-02
  -4.32116331e-02 -4.41267296e-02 -4.13461900e-02 -3.54507125e-02
  -3.84138718e-02  1.33847452e-02  3.24972287e-02  3.48727651e-02
  -4.04412810e-02 -4.71462114e-02 -4.65470570e-02 -4.76107605e-02
  -4.11584560e-02 -3.86190018e-02 -6.27175945e-02 -4.69914147e-02
  -3.78749134e-02 -3.83923563e-02 -3.89198947e-02 -5.72578424e-02
  -4.76572572e-02 -4.78423957e-02 -4.75170854e-02 -4.59261789e-02
  -5.87574797e-02 -5.86639845e-02 -2.48951333e-02 -3.37005869e-02
  -5.40953009e-02 -4.35303557e-02 -4.25893604e-02 -2.17143549e-02
  -2.91935832e-02  2.66770854e-02  2.50637352e-02  1.83153691e-02
  -1.69476397e-02 -2.81385981e-02 -3.77349174e-02 -4.54735500e-02
  -3.30630136e-02 -3.93906595e-02 -4.97287791e-02 -6.03855593e-02
  -7.19336833e-02 -5.12185795e-02 -4.01689366e-02 -3.83809681e-02
  -5.44937279e-02 -5.08813980e-02 -5.52463190e-02 -5.17646690e-02
  -5.50736271e-02 -4.39941656e-02 -4.10813862e-02 -3.30507533e-02
  -4.51793703e-02 -5.45664649e-02 -3.12149588e-02 -4.89954668e-02
  -2.73135824e-02 -1.21005336e-02  3.05464691e-02  9.95684176e-03
   3.85685626e-03 -2.18176202e-02 -2.76226193e-02 -5.27752201e-02
  -5.24425746e-02 -5.29177885e-02 -2.70818590e-02 -6.97314588e-02
  -7.43110794e-02 -6.04316875e-02 -5.57953335e-02 -3.88324304e-02
  -6.20743895e-02 -6.35826765e-02 -4.25120861e-02 -4.76899442e-02
  -5.93653252e-02 -5.49764193e-02 -4.98182832e-02 -3.70322837e-02
  -5.70663526e-02 -3.28170066e-02 -3.63829558e-02 -3.37698496e-02
   7.70262101e-04  1.02970755e-02  1.73257826e-02  1.96001461e-04
  -1.42451092e-02 -8.44539188e-03 -4.73078163e-02 -4.34176871e-02
  -3.90514159e-02 -5.55041737e-02 -4.92551385e-02 -4.73659529e-02
  -5.05992618e-02 -4.78815995e-02 -4.25651346e-02 -5.26036633e-02
  -7.06843042e-02 -4.25930059e-02 -3.14881626e-02 -5.42111754e-02
  -4.74327003e-02 -5.52867236e-02 -5.92939133e-02 -5.28958689e-02
  -3.41526989e-02 -4.25228527e-02 -3.95025790e-02 -3.89208478e-02
  -2.54166977e-02 -7.75799812e-03 -3.49282915e-03 -2.23218439e-02
  -1.27582011e-02 -4.73422327e-02 -3.13408591e-02 -5.35986440e-02
  -4.92490384e-02 -4.25186668e-02 -5.39898624e-02 -4.52980935e-02
  -5.15612732e-02 -3.67698922e-02 -5.34880325e-02 -5.81991128e-02
  -4.09765096e-02 -3.97809522e-02 -4.09397034e-02 -5.10901021e-02
  -6.19960410e-02 -5.82820398e-02 -5.68184076e-02 -5.00842062e-02
  -5.19671558e-02 -2.28570861e-02 -4.12904376e-02 -4.60925511e-02
  -4.18673973e-02 -1.95127816e-02 -2.73090339e-02 -2.92594281e-02
  -4.21717198e-02 -3.11312880e-02 -4.57544718e-02 -4.77498896e-02
  -4.32588019e-02 -4.43803542e-02 -5.45341979e-02 -4.69590494e-02
  -6.16367969e-02 -6.02480955e-02 -5.52581678e-02 -4.21971406e-02
  -4.75824347e-02 -4.72657609e-02 -5.74173801e-02 -5.30431757e-02
  -5.43005979e-02 -4.25911557e-02 -4.67794881e-02 -5.10984441e-02
  -5.20561687e-02 -3.23552420e-02 -4.70792819e-02 -6.62297278e-02
  -3.86890102e-02 -5.80452467e-02 -4.59523378e-02 -5.61180927e-02
  -3.93684542e-02 -5.58402894e-02 -5.87872428e-02 -3.02386835e-02
  -5.95954956e-02 -5.12495329e-02 -4.39315549e-02 -3.68429658e-02
  -5.64528436e-02 -4.72896283e-02 -5.42361566e-02 -5.36067093e-02
  -4.89886041e-02 -4.51455995e-02 -5.31399442e-02 -5.34103893e-02
  -3.75082044e-02 -6.20102513e-02 -4.34280981e-02 -4.63364978e-02
  -4.93770773e-02 -3.70820703e-02 -2.47301132e-02 -5.23558497e-02
  -3.62883754e-02 -2.46510145e-02 -4.51431565e-02 -7.06631048e-02
  -3.82367498e-02 -3.66684229e-02 -3.51981942e-02 -4.10155647e-02
  -3.91794646e-02 -6.05735837e-02 -5.22844015e-02 -4.49273331e-02
  -3.01775225e-02 -3.64647992e-02 -3.56602281e-02 -4.48299636e-02
  -2.59780632e-02 -4.79139282e-02 -6.10603336e-02 -5.30417065e-02
  -4.59196211e-02 -4.64862723e-02 -4.69937791e-02 -3.72274253e-02
  -4.78110399e-02 -5.64691688e-02 -6.44763971e-02 -4.66932696e-02
  -5.18246349e-02 -5.78592044e-02 -3.90415362e-02 -5.26284306e-02
  -4.45964672e-02 -4.99198935e-02 -4.55906725e-02 -4.77620618e-02
  -4.05718358e-02 -5.73978246e-02 -5.24668149e-02 -6.61231543e-02
  -5.07388645e-02 -4.15475736e-02 -4.44637572e-02 -5.42458462e-02]]