[[-3.61074065e-03 -1.24766381e-02 -4.88873261e-03 ... -3.31987207e-03
   2.02925884e-03  3.83131323e-03]
 [ 1.22359476e-03 -1.49381743e-02  1.29591515e-02 ... -2.03819367e-02
   2.78476492e-03  5.88678661e-03]
 [ 1.22390820e-02 -9.41434340e-03 -3.56173223e-03 ...  1.27269836e-02
   6.64011884e-03 -3.72314114e-03]
 ...
 [ 7.49141564e-04 -7.31168326e-03 -6.83184795e-05 ...  9.90004054e-03
   7.04456249e-04  1.03440178e-02]
 [ 4.13435806e-03  5.27237078e-03  1.47856606e-03 ...  8.49567238e-04
   1.77180018e-03  2.45902991e-02]
 [ 1.20410848e-04  4.94447214e-03 -4.95587908e-03 ...  1.79511849e-02
  -1.63882808e-02  4.33766271e-03]]